-1332,600,-210
-1229,462,-280
-1387,411,-173
-1501,474,-107
-1439,386,-158
-1658,335,-96
-1526,391,-74
-1760,296,-132
-1619,374,-22
-1833,239,-62
-1802,297,19
-1901,305,8
-1954,25,-152
-1965,166,166
-2026,127,15
-1918,71,-7
-1818,0,28
-2152,149,46
-2118,51,57
-2188,36,87
-2117,39,-91
-2213,-142,91
-2265,8,66
-2278,-98,20
-2301,-162,12
-2203,-93,22
-2370,-130,73
-2436,-289,-13
-2468,-311,-6
-2351,-308,65
-2396,-312,-28
-2404,-457,7
-2356,-360,33
-2536,-484,-82
-2535,-560,77
-2442,-593,-31
-2520,-586,2
-2667,-774,-73
-2417,-748,-81
-2535,-635,-70
-2642,-655,-107
-2572,-875,-113
-2629,-864,-232
-2664,-819,-240
-2585,-863,-32
-2679,-931,-225
-2577,-880,-325
-2617,-1087,-271
-2697,-1129,-280
-2561,-1049,-463
-2718,-1201,-484
-2618,-1082,-410
-2686,-1151,-554
-2683,-1219,-571
-2737,-1350,-532
-2695,-1364,-616
-2712,-1268,-765
-2680,-1420,-621
-2673,-1602,-748
-2809,-1545,-776
-2650,-1486,-693
-2733,-1586,-835
-2788,-1536,-805
-2721,-1655,-834
-2797,-1588,-810
-2822,-1652,-828
-2850,-1666,-703
-2802,-1771,-737
-2704,-1853,-860
-2978,-1922,-800
-2704,-1810,-782
-2959,-2054,-705
-2753,-1877,-732
-2776,-2082,-648
-2645,-2197,-630
-2839,-2093,-659
-2822,-2042,-540
-2741,-2286,-540
-2664,-2330,-428
-2723,-2095,-520
-2649,-2324,-405
-2589,-2299,-469
-2537,-2267,-323
-2542,-2453,-308
-2540,-2379,-237
-2523,-2425,-336
-2487,-2300,-209
-2358,-2338,-240
-2398,-2426,-138
-2320,-2437,-46
-2321,-2517,-196
-2290,-2395,-85
-2208,-2410,-65
-2159,-2415,-142
-2152,-2395,47
-1992,-2424,-116
-2157,-2491,-79
-2175,-2305,-51
-2169,-2405,-49
-1981,-2432,-107
-2061,-2532,21
-2070,-2363,-65
-1941,-2430,-77
-1935,-2534,62
-2038,-2492,-120
-1899,-2422,-172
-1922,-2345,14
-1897,-2373,-129
-1951,-2320,-55
-1912,-2365,-54
-1969,-2337,-108
-1917,-2321,-77
-1875,-2330,-16
-2011,-2270,-181
-1824,-2211,121
-1916,-2358,-43
-1913,-2252,18
-1906,-2221,137
-1946,-2137,214
-1754,-2242,105
-1874,-2078,395
-1795,-2172,205
-1882,-1983,451
-1727,-1983,593
-1730,-1954,606
-1807,-2061,775
-1620,-1873,848
-1661,-1906,958
-1780,-1827,1036
-1669,-1822,1074
-1580,-1894,1219
-1555,-1647,1304
-1600,-1737,1388
-1486,-1709,1499
-1499,-1608,1550
-1389,-1540,1582
-1412,-1591,1577
-1391,-1448,1869
-1257,-1402,1737
-1405,-1439,1937
-1443,-1438,1888
-1180,-1201,2050
-1400,-1195,2110
-1212,-1226,2019
-1377,-1118,2287
-1200,-1072,2155
-1203,-996,2406
-1266,-1060,2293
-1319,-899,2358
-1208,-722,2426
-1154,-776,2392
-1225,-744,2650
-1141,-635,2495
-1180,-625,2599
-1179,-591,2586
-1206,-558,2696
-1129,-452,2701
-1212,-362,2752
-1113,-277,2712
-1234,-392,2840
-1239,-226,2920
-1129,-322,2911
-1264,-183,3008
-1270,-111,3057
-1300,-146,2998
-1154,-21,3139
-1342,40,3116
-1297,37,3295
-1261,50,3050
-1231,261,3327
-1243,183,3326
-1403,245,3357
-1358,311,3401
-1397,278,3361
-1287,365,3506
-1420,391,3508
-1361,523,3700
-1331,551,3640
-1336,500,3806
-1448,505,3614
-1439,839,3742
-1424,577,3967
-1484,648,3878
-1518,801,3920
-1360,667,3908
-1432,710,3863
-1514,899,3970
-1405,727,4090
-1458,877,4014
-1522,863,4099
-1476,971,4072
-1392,974,3906
-1530,1083,4084
-1434,1105,4127
-1390,1064,4132
-1485,1133,4051
-1449,1366,4082
-1366,1153,4093
-1421,1112,3981
-1466,1336,4018
-1282,1419,4029
-1235,1373,3954
-1269,1293,3953
-1113,1480,4072
-1191,1554,3863
-1174,1605,3810
-1036,1717,3946
-1137,1704,3916
-983,1947,3821
-999,1727,3843
-782,1811,3740
-775,1766,3617
-742,2021,3781
-735,1962,3590
-672,2077,3534
-685,1875,3522
-409,2119,3525
-489,2077,3449
-394,2248,3214
-369,2239,3430
-406,2110,3287
-250,2401,3265
-124,2211,3068
-201,2387,3164
33,2304,2786
44,2319,2907
-52,2415,2768
83,2434,2710
160,2659,2483
78,2417,2404
300,2404,2299
185,2656,2253
266,2472,1958
305,2581,1891
373,2588,1750
411,2670,1583
538,2677,1539
485,2558,1263
572,2683,1318
717,2675,1172
531,2740,1036
579,2590,946
764,2642,763
826,2722,727
851,2558,483
825,2648,650
892,2602,368
923,2656,506
1104,2667,253
950,2647,441
998,2616,152
1086,2553,292
1105,2636,293
1338,2481,370
1154,2536,249
1273,2374,350
1232,2431,482
1462,2451,438
1385,2278,476
1302,2315,560
1437,2442,642
1424,2339,614
1505,2383,773
1453,2156,818
1380,2220,837
1577,2206,867
1527,2140,977
1445,2093,1058
1553,2217,989
1582,2021,1061
1534,2009,1014
1613,1985,1198
1728,2038,1099
1603,2054,1049
1736,2002,1245
1670,1889,1068
1689,2009,951
1793,1949,1099
1663,1821,1084
1788,1801,862
1890,1961,804
1819,1824,782
1959,1927,723
1840,1785,725
1879,1802,523
2080,1916,454
1923,1884,314
1874,1760,240
2014,1955,179
1959,1793,114
1985,1779,-99
2103,1836,-117
2120,1708,-184
2138,1818,-243
2146,1664,-412
2139,1895,-627
2069,1719,-649
2209,1824,-694
2093,1648,-638
2358,1744,-852
2122,1594,-896
2217,1592,-1021
2150,1509,-946
2226,1477,-993
2126,1530,-1192
2094,1673,-1188
2261,1310,-1306
2137,1474,-1270
2269,1477,-1355
2233,1244,-1268
2296,1341,-1368
2258,1272,-1509
2331,1323,-1422
2325,1251,-1463
2255,1197,-1490
2417,1136,-1616
2277,1050,-1560
2425,1088,-1408
2466,1025,-1587
2306,824,-1515
2528,894,-1585
2484,772,-1365
2509,754,-1612
2504,734,-1407
2523,663,-1548
2532,668,-1518
2537,534,-1344
2483,517,-1438
2519,401,-1504
2657,414,-1209
2601,245,-1416
2575,277,-1214
2638,195,-1328
2664,161,-1235
2525,39,-1338
2698,56,-1067
2655,-95,-1258
2583,-87,-1153
2565,-187,-993
2678,-278,-1120
2592,-144,-1042
2627,-271,-1140
2532,-458,-1048
2661,-443,-1059
2584,-465,-1045
2516,-529,-1118
2648,-549,-1023
2580,-629,-1257
2619,-638,-1270
2482,-684,-1180
2570,-698,-1151
2494,-966,-1305
2645,-913,-1397
2461,-801,-1272
2623,-932,-1564
2475,-1001,-1422
2489,-1098,-1492
2433,-1000,-1597
2498,-1093,-1808
2458,-1068,-1580
2352,-1137,-1857
2453,-1151,-1841
2388,-1262,-1992
2241,-1297,-2021
2339,-1131,-1949
2265,-1334,-2154
2330,-1455,-2175
2235,-1480,-2281
2227,-1450,-2194
2179,-1410,-2396
2156,-1653,-2455
2081,-1596,-2360
2120,-1606,-2432
2151,-1599,-2427
2012,-1749,-2557
2039,-1695,-2581
1967,-1659,-2485
2011,-1885,-2614
1955,-1740,-2620
1991,-1961,-2522
1811,-1959,-2560
1891,-1853,-2661
1831,-2106,-2643
1992,-1945,-2597
1839,-1911,-2696
1878,-2074,-2531
1854,-2143,-2665
1795,-2155,-2609
1921,-2213,-2606
1801,-2250,-2655
1838,-2083,-2491
1839,-2235,-2608
1873,-2227,-2438
1826,-2390,-2568
1878,-2328,-2460
1877,-2394,-2381
1832,-2386,-2470
1889,-2310,-2317
1785,-2554,-2326
1826,-2404,-2276
1806,-2516,-2238
1870,-2582,-2159
1770,-2461,-2151
1850,-2712,-2071
1816,-2588,-2012
1805,-2601,-2097
1739,-2637,-1883
1738,-2724,-1966
1773,-2718,-1863
1636,-2733,-1825
1705,-2724,-1951
1516,-2786,-1863
1784,-2838,-1831
1500,-2924,-1751
1522,-2849,-1903
1399,-2709,-1929
1441,-2867,-1771
1373,-2938,-1987
1260,-2884,-1912
1395,-2906,-1925
1137,-2922,-1917
1190,-2909,-2136
1158,-2896,-2063
1011,-2849,-1954
1089,-2791,-2126
827,-2935,-2265
949,-2907,-2217
823,-2907,-2204
870,-2870,-2327
807,-2940,-2278
675,-2827,-2294
747,-2724,-2455
611,-2956,-2495
619,-2747,-2481
534,-2832,-2439
459,-2918,-2395
632,-2737,-2536
485,-2825,-2414
398,-2689,-2437
499,-2614,-2630
500,-2728,-2353
405,-2622,-2531
317,-2613,-2417
496,-2585,-2482
323,-2662,-2490
378,-2621,-2346
429,-2590,-2586
348,-2517,-2509
381,-2361,-2402
337,-2377,-2327
311,-2373,-2392
244,-2366,-2361
231,-2410,-2314
296,-2258,-2319
301,-2200,-2240
287,-2237,-2312
270,-2113,-2365
329,-2248,-2285
276,-2003,-2272
148,-2042,-2235
318,-1917,-2290
117,-1902,-2101
120,-1797,-2201
125,-1913,-2206
103,-1950,-2201
28,-1696,-2089
-59,-1801,-2275
47,-1714,-2000
-124,-1666,-2255
-134,-1585,-2042
-231,-1611,-2201
-194,-1585,-2125
-216,-1515,-2050
-404,-1469,-2125
-380,-1406,-1974
-367,-1476,-2119
-474,-1294,-2021
-481,-1349,-2023
-644,-1163,-2082
-536,-1112,-1972
-639,-1181,-2037
-591,-1250,-1896
-702,-1076,-2018
-811,-1065,-2032
-856,-1096,-1774
-893,-875,-1979
-772,-977,-1823
-1021,-1002,-1830
-819,-804,-1799
-1048,-685,-1774
-1046,-716,-1672
-1038,-797,-1585
-1091,-625,-1674
-977,-577,-1534
-1221,-546,-1593
-1094,-547,-1396
-1144,-486,-1430
-1140,-410,-1277
-1195,-336,-1298
-1158,-305,-1194
-1187,-399,-1183
-1202,-176,-1178
-1183,-185,-1046
-1345,-125,-980
-1156,-197,-863
-1274,31,-844
-1336,-133,-777
-1323,-9,-764
-1271,204,-682
-1317,166,-416
-1368,173,-479
-1251,357,-432
-1528,231,-347
-1350,98,-346
-1478,266,-75
-1528,416,-101
-1517,280,-38
-1475,467,8
-1481,495,244
-1568,364,267
-1617,449,356
-1668,555,395
-1649,464,443
-1656,548,658
-1620,755,622
-1749,705,727
-1856,563,692
-1683,597,891
-1816,814,838
-1858,947,958
-1830,679,1047
-1886,755,1111
-1825,885,1087
-1908,876,1065
-1875,897,1318
-1983,911,1134
-1856,942,1301
-1914,984,1160
-1836,1127,1304
-1904,1008,1406
-1951,1154,1330
-1913,1135,1310
-1972,1184,1430
-1933,1270,1394
-1920,1161,1312
-1960,1429,1524
-2004,1208,1339
-2044,1292,1507
-1830,1402,1455
-2067,1281,1586
-2005,1318,1389
-2082,1436,1592
-2055,1326,1573
-2020,1421,1567
-1953,1503,1600
-2098,1407,1838
-2134,1534,1786
-2087,1512,1668
-2123,1343,1842
-2133,1384,1843
-2228,1444,1850
-2020,1474,2035
-2148,1509,2006
-2286,1291,2086
-2176,1463,2210
-2296,1421,2107
-2185,1321,2248
-2266,1448,2306
-2321,1252,2314
-2196,1397,2440
-2352,1331,2559
-2305,1423,2486
-2277,1251,2674
-2277,1319,2721
-2280,1218,2735
-2328,1299,2730
-2240,1186,2931
-2268,1207,2909
-2337,1227,2888
-2213,1233,3143
-2291,1054,3020
-2204,1030,3181
-2211,1182,3073
-2181,1057,3269
-2180,966,3278
-2108,1019,3192
-2071,1099,3315
-2085,1080,3426
-2177,1016,3237
-2088,996,3387
-2046,885,3378
-1981,940,3419
-2062,1028,3388
-1939,948,3501
-2036,748,3437
-2011,740,3399
-1946,772,3434
-1966,776,3328
-2141,894,3413
-1970,771,3368
-1922,770,3365
-2067,674,3216
-2223,743,3285
-1963,679,3270
-2062,727,3293
-2058,648,3260
-2032,534,3083
-2007,601,2939
-1958,591,3193
-2062,638,3064
-1899,483,3026
-2096,506,2957
-2036,525,2748
-1966,510,2811
-1949,438,2670
-1970,512,2689
-1839,502,2710
-1935,491,2419
-1824,444,2561
-1869,335,2447
-1824,343,2371
-1846,367,2328
-1612,441,2279
-1884,346,2187
-1619,423,2226
-1572,295,2233
-1626,394,2213
-1443,373,2021
-1454,411,2151
-1417,217,1873
-1382,424,2046
-1353,237,1995
-1319,504,1974
-1161,381,1835
-1098,188,1896
-1059,193,1890
-1110,315,1764
-926,243,1885
-871,187,1843
-798,204,1826
-835,261,1778
-792,298,1762
-702,99,1741
-684,151,1760
-757,262,1768
-365,214,1635
-647,161,1815
-625,242,1693
-440,127,1842
-509,164,1529
-423,98,1646
-486,25,1574
-404,30,1627
-373,-36,1589
-340,93,1585
-398,-169,1468
-377,66,1413
-276,89,1540
-301,-99,1426
-377,47,1388
-271,-99,1251
-384,44,1337
-387,-52,1145
-276,11,1201
-306,-112,1290
-258,-22,1016
-93,-116,1029
-244,-24,1083
-124,-72,1011
-35,-1,963
-248,-112,837
-193,-74,1007
-2,-98,651
-138,-21,728
64,-210,625
-69,-9,666
70,-79,575
71,12,475
134,-198,503
51,-158,402
127,-52,360
233,123,310
270,-25,283
254,-85,117
394,-54,160
300,185,86
370,-17,148
407,89,144
455,24,-75
515,58,9
602,70,-28
451,112,-15
556,199,-102
567,184,-73
514,166,-169
644,216,-97
582,139,-164
645,104,-183
700,261,-234
587,254,-202
742,232,-254
844,200,-374
729,357,-260
659,415,-413
673,351,-463
803,388,-445
735,350,-450
702,419,-361
872,457,-614
782,467,-595
932,627,-570
800,610,-640
988,541,-764
836,623,-896
961,623,-792
880,628,-807
973,659,-837
1008,841,-1007
1109,728,-909
1021,603,-1037
1122,891,-880
1201,770,-1175
1087,813,-918
1142,837,-1087
1106,892,-1071
1243,972,-939
1263,833,-1156
1202,836,-1060
1302,815,-971
1159,961,-949
1355,910,-805
1320,914,-935
1448,916,-944
1421,1091,-845
1356,822,-788
1423,859,-766
1367,921,-779
1326,849,-765
1526,1117,-561
1381,919,-661
1406,1017,-641
1379,853,-535
1502,786,-578
1432,984,-531
1341,940,-502
1536,943,-496
1388,844,-562
1359,978,-540
1444,788,-539
1390,877,-366
1423,929,-530
1331,936,-606
1527,787,-447
1232,872,-615
1337,869,-468
1468,759,-522
1257,934,-527
1279,912,-570
1417,770,-579
1154,879,-674
1444,906,-589
1225,856,-462
1298,695,-739
1366,775,-702
1316,691,-679
1194,814,-674
1414,777,-710
1293,800,-628
1256,717,-870
1409,770,-687
1308,636,-724
1255,718,-761
1270,748,-769
1363,746,-681
1423,580,-834
1399,698,-718
1436,830,-705
1357,608,-730
1365,636,-678
1300,667,-719
1376,726,-777
1413,648,-643
1409,658,-621
1294,532,-795
1386,568,-559
1368,582,-643
1354,502,-589
1438,634,-552
1293,507,-576
1389,482,-401
1379,427,-630
1374,436,-352
1224,324,-530
1354,504,-511
1303,354,-342
1146,254,-376
1346,287,-440
1236,208,-372
1207,229,-306
1140,184,-310
1282,231,-393
1147,60,-309
1049,68,-225
1207,118,-285
1151,124,-346
1096,-59,-363
919,-15,-190
1112,30,-398
884,-106,-303
1071,16,-379
1073,-214,-239
936,-139,-488
1033,-190,-333
857,-185,-384
972,-236,-485
1016,-324,-525
1001,-253,-436
870,-265,-472
1030,-393,-460
860,-475,-556
1011,-436,-425
974,-357,-522
802,-579,-470
958,-492,-489
914,-689,-641
830,-459,-495
962,-541,-583
905,-615,-445
769,-666,-425
928,-621,-539
830,-673,-439
887,-700,-509
821,-856,-368
937,-960,-442
733,-937,-437
916,-999,-440
920,-906,-344
794,-829,-322
766,-1104,-500
859,-1024,-380
798,-1038,-377
823,-1195,-315
785,-1139,-332
836,-1302,-455
814,-1486,-450
759,-1364,-122
784,-1403,-471
831,-1406,-450
668,-1379,-395
716,-1541,-447
632,-1449,-419
874,-1595,-373
609,-1644,-448
705,-1550,-431
600,-1751,-435
602,-1835,-485
690,-1837,-476
745,-1870,-463
623,-1898,-465
613,-1917,-474
746,-2124,-641
657,-2089,-485
574,-2206,-601
572,-2106,-594
650,-2126,-517
499,-2226,-663
449,-2110,-548
566,-2279,-537
567,-2258,-699
432,-2312,-558
507,-2341,-725
504,-2380,-602
433,-2504,-687
501,-2543,-589
416,-2527,-638
522,-2547,-761
431,-2647,-548
597,-2637,-741
536,-2637,-746
412,-2664,-718
460,-2759,-700
685,-2735,-671
425,-2661,-800
530,-2689,-815
542,-2749,-855
560,-2787,-835
437,-2728,-717
606,-2871,-1007
502,-2797,-868
560,-2739,-887
626,-2819,-973
555,-2905,-1040
640,-2888,-942
607,-2758,-1176
439,-2879,-1086
593,-2903,-1028
564,-2754,-1165
578,-2903,-1232
424,-2841,-1249
497,-2924,-1258
404,-2673,-1144
409,-3078,-1343
484,-2710,-1188
293,-2775,-1226
236,-2950,-1245
424,-2961,-1230
288,-2890,-1148
212,-2972,-1233
241,-2938,-1038
119,-2914,-1144
218,-2986,-1110
193,-3031,-1030
59,-2889,-965
99,-3106,-964
229,-2781,-946
-15,-2963,-891
-37,-3057,-914
110,-2912,-659
17,-2950,-839
-54,-3032,-716
134,-2883,-564
53,-2912,-666
-55,-2963,-583
44,-2879,-750
106,-2817,-536
161,-2829,-561
-47,-2854,-540
199,-2759,-568
43,-2867,-654
26,-2797,-505
151,-2724,-522
221,-2668,-602
83,-2678,-687
118,-2613,-600
163,-2604,-647
213,-2542,-783
175,-2519,-717
87,-2610,-844
73,-2489,-777
-36,-2309,-844
150,-2402,-979
112,-2406,-906
-5,-2380,-980
-11,-2337,-891
-39,-2413,-1114
-148,-2366,-1028
-154,-2167,-1079
-122,-2133,-1114
-197,-2189,-983
-127,-2205,-1221
-232,-2161,-1061
-169,-2160,-1185
-102,-2079,-998
-350,-2104,-1134
-227,-1920,-1100
-291,-1931,-1167
-279,-1895,-1072
-391,-2016,-1161
-228,-1940,-987
-276,-1902,-1070
-362,-1810,-957
-403,-1822,-923
-443,-1804,-958
-210,-1838,-960
-354,-1667,-812
-369,-1758,-971
-214,-1564,-724
-355,-1593,-973
-236,-1476,-710
-439,-1577,-864
-325,-1387,-753
-317,-1438,-795
-297,-1301,-745
-409,-1442,-727
-314,-1310,-738
-318,-1296,-850
-290,-1231,-627
-334,-1339,-845
-332,-1110,-646
-402,-1034,-856
-319,-1033,-791
-314,-1116,-791
-350,-1037,-946
-390,-992,-952
-412,-778,-834
-453,-785,-1175
-516,-750,-990
-478,-746,-1187
-451,-678,-1190
-456,-614,-1382
-551,-501,-1253
-513,-639,-1369
-529,-530,-1484
-532,-580,-1528
-664,-473,-1529
-582,-291,-1647
-753,-247,-1693
-555,-448,-1807
-678,-257,-1665
-688,-176,-1672
-661,-135,-1806
-745,-201,-1697
-732,-129,-1764
-685,-149,-1780
-741,26,-1827
-786,-13,-1868
-658,-26,-1545
-652,55,-1844
-757,138,-1730
-610,220,-1689
-781,295,-1483
-742,219,-1646
-521,194,-1563
-749,443,-1440
-543,248,-1599
-705,366,-1383
-651,332,-1414
-658,423,-1419
-557,528,-1284
-698,448,-1357
-634,624,-1199
-623,512,-1157
-570,668,-1144
-603,657,-1119
-647,685,-1233
-445,729,-999
-690,796,-1195
-503,934,-1007
-509,803,-980
-611,954,-860
-397,1062,-1113
-608,984,-916
-515,1000,-916
-632,1113,-944
-487,1134,-923
-489,1246,-896
-588,1085,-795
-462,1398,-838
-524,1186,-896
-450,1359,-709
-561,1310,-858
-484,1362,-705
-455,1450,-793
-503,1618,-547
-440,1422,-744
-478,1454,-711
-501,1568,-501
-433,1513,-612
-529,1491,-573
-390,1707,-457
-483,1586,-592
-404,1684,-380
-491,1547,-320
-317,1793,-352
-378,1722,-135
-479,1823,-240
-501,1838,-182
-446,1921,-55
-453,1907,11
-486,1865,75
-336,2026,164
-370,2089,186
-370,2007,194
-330,1962,365
-324,2133,411
-287,2044,374
-322,2044,522
-286,2125,647
-270,2106,561
-180,2247,710
-356,2112,643
-120,2247,882
-209,2242,733
-170,2391,874
-113,2415,926
-100,2255,973
15,2395,981
-82,2458,1078
-60,2466,973
60,2492,1115
-20,2421,1114
57,2569,1189
4,2551,1235
78,2469,1220
-121,2656,1203
-33,2609,1308
125,2539,1378
-116,2673,1435
20,2701,1429
-35,2718,1521
-69,2594,1479
27,2625,1628
-29,2652,1605
74,2717,1694
-105,2723,1793
-78,2700,1770
-86,2566,1760
-8,2708,1892
-166,2631,1886
-122,2800,2061
-52,2820,2036
-208,2667,2108
-102,2677,1993
-278,2656,2462
-253,2985,2932
-246,3148,3396
-483,3706,3666
-365,3809,4165
-546,3938,4327
-788,4505,4317
-897,4633,4388
-855,4987,4377
-899,5273,4452
-1081,5183,4395
-1001,5451,4469
-1101,5597,4451
-1176,5863,4556
-1152,5833,4640
-1285,6089,4685
-1279,6009,4730
-1331,6134,4939
-1298,6248,4816
-1257,6092,5005
-1239,6355,5215
-1387,6027,5156
-1336,6163,5300
-1259,6082,5424
-1263,6228,5384
-1238,6042,5543
-1304,6143,5655
-1345,6046,5751
-1115,5914,5852
-1211,6062,5936
-1210,5937,6047
-1200,5696,5926
-1053,5890,6005
-1223,5704,6075
-1168,5852,6117
-1110,5646,6200
-1267,5505,5996
-1220,5530,6235
-1261,5502,6235
-1169,5573,6279
-1183,5513,6155
-1307,5317,6377
-1244,5105,6185
-1299,5274,6314
-1478,5224,6313
-1311,4999,6296
-1278,4970,6296
-1402,4662,6331
-1393,4768,6412
-1476,4810,6171
-1469,4765,6302
-1429,4455,6286
-1531,4313,6214
-1504,4490,6373
-1529,4338,6225
-1442,4197,6179
-1414,4100,6283
-1585,4082,6277
-1464,4036,6082
-1422,4046,6167
-1439,3959,6114
-1403,3731,6184
-1433,3683,6021
-1422,3655,6029
-1364,3543,6048
-1407,3397,5889
-1348,3362,5960
-1185,3416,5974
-1282,3116,5835
-1098,3081,5758
-1241,3007,5825
-1071,3010,5701
-1031,2849,5777
-1109,2786,5694
-984,2651,5680
-979,2547,5559
-761,2539,5557
-927,2403,5572
-771,2354,5558
-814,2139,5406
-635,2185,5423
-719,1974,5227
-585,1812,5304
-680,1721,5172
-549,1609,5235
-558,1564,5033
-528,1450,4967
-482,1420,5087
-387,1341,4839
-440,1195,4793
-328,1081,4843
-313,918,4549
-251,883,4652
-235,803,4475
-210,759,4382
-218,621,4227
-144,536,4256
-248,415,4053
-134,223,3885
-107,225,3997
-100,113,3822
-57,8,3671
-54,-49,3527
56,-125,3432
-44,-323,3329
48,-358,3238
131,-508,3094
115,-552,2985
120,-796,2604
163,-712,2677
236,-961,2494
190,-993,2394
394,-1019,2265
198,-1156,1935
305,-1231,1948
630,-1146,1774
341,-1439,1581
363,-1356,1534
418,-1656,1427
526,-1582,1195
538,-1607,1186
614,-1725,1042
608,-1858,934
627,-1883,735
687,-1897,809
737,-2158,685
874,-2087,473
777,-2390,402
946,-2371,416
913,-2389,232
1037,-2545,157
1064,-2479,266
1055,-2625,35
1153,-2718,-60
1182,-2836,80
1186,-2851,-123
1268,-3022,-119
1208,-3119,-204
1381,-3341,-250
1259,-3176,-273
1219,-3467,-317
1292,-3488,-413
1222,-3487,-377
1277,-3637,-331
1263,-3794,-558
1373,-3739,-366
1348,-3813,-724
1492,-3853,-587
1282,-4092,-748
1358,-3977,-800
1356,-4159,-848
1545,-4234,-915
1353,-4195,-984
1522,-4241,-1157
1416,-4399,-1119
1474,-4518,-1399
1474,-4444,-1266
1375,-4409,-1534
1623,-4591,-1604
1521,-4507,-1660
1504,-4523,-1937
1432,-4517,-1777
1653,-4669,-1971
1659,-4604,-2223
1526,-4682,-2127
1695,-4677,-2382
1658,-4638,-2515
1714,-4601,-2436
1549,-4869,-2607
1749,-4815,-2739
1542,-4765,-2899
1732,-4802,-2905
1588,-4737,-2935
1631,-4798,-3188
1672,-4822,-2936
1654,-4948,-3184
1512,-4738,-3341
1621,-4876,-3298
1514,-4783,-3354
1491,-4762,-3432
1535,-4855,-3485
1383,-4793,-3482
1439,-4793,-3555
1498,-4875,-3647
1408,-4762,-3553
1328,-4920,-3663
1354,-4728,-3630
1340,-4793,-3779
1194,-4791,-3666
1145,-4740,-3851
1129,-4740,-3781
1212,-4627,-3784
1010,-4473,-3889
1060,-4542,-3843
1005,-4585,-3970
1026,-4623,-4043
1119,-4404,-3798
966,-4453,-4149
880,-4295,-4030
1151,-4280,-4277
961,-4247,-4078
867,-4160,-4152
1034,-4158,-4307
944,-3851,-4372
967,-3963,-4345
1077,-3780,-4402
992,-3863,-4506
1058,-3774,-4461
957,-3385,-4426
1056,-3519,-4510
956,-3559,-4675
965,-3339,-4516
872,-3442,-4544
971,-3203,-4604
945,-3202,-4569
1005,-3069,-4542
845,-3062,-4528
1068,-2834,-4609
883,-2822,-4509
884,-2678,-4551
822,-2636,-4419
1012,-2618,-4514
861,-2602,-4538
850,-2430,-4488
716,-2329,-4260
815,-2368,-4363
781,-2060,-4200
723,-2279,-4273
679,-1924,-4062
774,-2129,-4133
833,-1884,-4134
631,-1950,-4014
582,-1870,-4064
599,-1741,-4110
607,-1660,-3861
706,-1533,-3981
616,-1584,-3914
523,-1543,-3964
593,-1403,-3832
462,-1379,-3972
496,-1236,-3819
470,-1201,-3882
548,-956,-3743
302,-890,-3985
194,-419,-3907
220,-114,-3809
-106,167,-3689
-209,679,-3355
-177,1088,-3146
-179,1469,-2866
-172,1813,-2530
277,1928,-2171
616,1804,-1670
785,1231,-1398
1306,933,-1152
1440,1066,-1140
1580,1161,-1080
1749,1102,-1345
1593,1114,-1246
1416,1139,-1619
1269,1582,-1850
1152,1764,-1921
922,1912,-2286
792,1612,-2517
739,1566,-2466
533,1514,-2732
436,1537,-2757
446,1335,-3025
607,785,-3198
392,325,-3390
579,202,-3240
531,-138,-3608
615,1,-3886
447,-457,-3944
573,-546,-4081
313,-577,-4282
463,-417,-4307
283,-441,-4404
410,-409,-4504
318,-634,-4741
285,-632,-4798
271,-409,-5021
243,-375,-5080
281,-524,-5203
290,-398,-5396
362,-397,-5553
453,-219,-5488
501,-241,-5905
554,-214,-5850
737,-32,-6030
870,-100,-6116
985,-82,-6351
1132,147,-6292
1153,-106,-6642
1376,101,-6552
1502,-11,-6597
1613,78,-6797
1626,-1,-6827
1753,138,-6907
1844,110,-7055
2212,100,-7056
2101,65,-7165
2102,21,-7163
2404,3,-7360
2281,16,-7542
2339,14,-7541
2610,-73,-7710
2548,-245,-7732
2663,-298,-7807
2654,-213,-7872
2619,-434,-7993
2564,-394,-7994
2888,-418,-7972
2741,-556,-8188
2677,-579,-8206
2882,-643,-8197
2720,-675,-8432
2732,-822,-8386
2693,-799,-8554
2827,-849,-8579
2653,-871,-8746
2748,-908,-8797
2766,-878,-8980
2673,-1080,-8855
2732,-915,-9064
2588,-892,-9264
2615,-759,-9339
2567,-972,-9225
2394,-683,-9560
2474,-787,-9630
2350,-857,-9787
2375,-505,-9927
2279,-595,-9884
2123,-447,-10055
2068,-465,-10387
2117,-408,-10415
1961,-313,-10543
1898,65,-10470
1812,44,-10846
1858,-69,-10802
1692,149,-11089
1706,329,-11123
1543,307,-11245
1749,533,-11299
1415,621,-11457
1639,646,-11569
1394,734,-11777
1434,804,-11800
1512,955,-11644
1368,1028,-11999
1384,954,-11921
1428,1194,-12011
1317,1090,-12046
1269,1263,-12146
1352,1128,-12292
1408,1130,-12211
1295,1166,-12307
1420,1082,-12357
1407,1260,-12299
1220,1256,-12485
1259,1164,-12398
1250,1189,-12409
1284,1110,-12484
1286,1297,-12466
1246,1252,-12503
1374,1097,-12503
1281,1372,-12586
1222,1102,-12388
1354,1145,-12428
1449,1103,-12448
1327,1039,-12363
1315,1078,-12420
1366,781,-12413
1411,946,-12269
1308,683,-12465
1435,722,-12361
1447,811,-12359
1453,853,-12284
1390,719,-12292
1455,759,-12309
1233,703,-12311
1270,730,-12256
1341,772,-12251
1097,800,-12299
1158,726,-12300
1159,673,-12136
963,626,-12209
1045,697,-12259
892,643,-12170
1037,643,-12218
760,433,-12099
881,446,-12183
816,283,-12234
947,203,-12180
702,328,-12211
733,110,-12044
786,178,-12272
543,138,-12228
572,107,-12099
578,6,-12112
569,-137,-12056
649,-174,-12014
443,-227,-12058
521,-386,-11942
522,-473,-12103
380,-514,-12064
545,-717,-12052
463,-792,-12134
543,-907,-12184
476,-1113,-12188
473,-1111,-12126
468,-1166,-12191
478,-1298,-12281
395,-1391,-12260
278,-1373,-12426
370,-1404,-12379
312,-1651,-12406
293,-1673,-12495
254,-1818,-12469
253,-1827,-12549
283,-2014,-12438
34,-1926,-12392
88,-1881,-12456
191,-1968,-12490
-41,-2031,-12406
46,-2172,-12558
41,-2207,-12416
-124,-2392,-12488
18,-2666,-12331
-181,-2640,-12307
-267,-2692,-12341
-148,-2835,-12306
-417,-2890,-12324
-353,-3058,-12201
-302,-3175,-12198
-432,-3291,-12241
-348,-3350,-12111
-414,-3404,-12078
-416,-3600,-12025
-390,-3618,-12086
-447,-3709,-11922
-327,-3941,-11981
-349,-3911,-11855
-354,-4123,-11756
-446,-4298,-11669
-359,-4184,-11600
-416,-4292,-11755
-407,-4401,-11594
-331,-4352,-11508
-352,-4441,-11553
-159,-4496,-11279
3,-4592,-11232
-29,-4784,-11313
118,-4842,-11252
81,-4796,-11197
109,-4941,-11401
332,-4968,-11278
289,-5091,-11269
292,-5195,-11352
339,-5435,-11419
472,-5406,-11467
491,-5538,-11576
417,-5719,-11580
443,-5755,-11697
562,-5809,-11784
254,-5996,-11878
510,-5951,-11864
431,-6148,-12028
338,-6178,-12165
235,-6058,-12192
420,-6151,-12232
258,-6281,-12422
218,-6370,-12486
405,-6273,-12681
213,-6067,-12692
305,-6091,-12999
250,-6280,-13224
178,-6189,-13377
107,-6248,-13673
148,-6206,-13836
43,-6287,-14110
-409,-6420,-14371
-533,-6452,-14780
-482,-6305,-14914
-672,-6608,-14988
-701,-6490,-15385
-777,-6184,-15490
-1044,-5858,-15846
-1090,-6114,-15982
-997,-6240,-16156
-1308,-6149,-16347
-1256,-5947,-16617
-1447,-5822,-16759
-1527,-5751,-17061
-1516,-5954,-17117
-1596,-6013,-17440
-1690,-5813,-17438
-1696,-5527,-17520
-1951,-5527,-17570
-1843,-5492,-17672
-2006,-5523,-17741
-1992,-5446,-17577
-1804,-5178,-17736
-2072,-4973,-17583
-1928,-5241,-17509
-2057,-5390,-17593
-1960,-5089,-17301
-1946,-4732,-17355
-1915,-4669,-17146
-1903,-4733,-17052
-1783,-4832,-16882
-1785,-4754,-16617
-1618,-4576,-16505
-1598,-4395,-16206
-1478,-4410,-15842
-1364,-4440,-15621
-1279,-4264,-15247
-1214,-4116,-15024
-1092,-4013,-14692
-876,-3971,-14470
-762,-3904,-14035
-741,-3834,-13711
-512,-3516,-13531
-469,-3314,-13099
-259,-3300,-12836
-200,-3286,-12541
-235,-3224,-12213
-31,-2949,-11971
171,-2747,-11402
238,-2936,-11293
152,-2930,-10695
482,-2730,-10552
245,-2743,-10295
467,-2597,-9692
364,-2606,-9246
555,-2613,-8963
504,-2751,-8434
509,-2558,-8137
477,-2691,-7864
614,-2567,-7247
501,-2629,-6862
513,-2850,-6516
522,-2774,-6040
393,-2856,-5881
649,-2811,-5110
407,-2945,-5019
446,-2959,-4389
520,-3252,-4193
482,-3349,-3679
797,-3432,-3346
674,-3669,-2854
728,-3760,-2422
900,-3931,-2210
904,-4154,-1865
1102,-4354,-1429
1240,-4474,-1136
1482,-4634,-767
1499,-4836,-593
1805,-4970,-406
1976,-5052,-164
2091,-5334,235
2339,-5510,232
2478,-5560,584
2749,-5753,648
3004,-5646,809
3105,-5857,1101
3378,-5971,1088
3450,-5951,1680
3753,-5806,2076
4144,-5959,2562
4089,-5836,3107
4440,-5786,3572
4541,-5650,4307
4653,-5679,4825
4582,-5545,5345
4805,-5492,5883
4785,-5431,6490
4905,-5301,6979
4844,-5502,7642
4878,-5264,8210
4890,-5381,8638
4877,-5297,9096
4888,-5337,9492
4912,-5205,10188
4929,-5057,10611
4598,-5157,10947
4751,-5223,11258
4677,-4975,11730
4711,-4841,12216
4549,-4878,12535
4482,-4707,12904
4500,-4575,13268
4358,-4598,13530
4440,-4548,14030
4251,-4502,14252
4210,-4211,14455
4180,-4179,14863
4062,-4051,15211
4070,-4084,15331
4006,-3673,15827
4129,-3674,15851
3985,-3592,16091
4017,-3346,16491
3970,-3360,16645
3816,-2921,16819
3819,-2749,17001
3996,-2726,17264
3855,-2508,17424
3981,-2222,17620
3890,-2129,17815
3853,-1803,17843
3970,-1555,18080
3978,-1447,18382
3981,-1304,18485
4090,-869,18490
3972,-593,18711
4061,-428,18978
4143,-351,19018
4144,-60,19147
4153,248,19250
4155,639,19523
4145,790,19460
4208,1081,19640
4209,1245,19889
4135,1580,19983
4226,1838,20080
4124,2049,20134
4281,2263,20382
4112,2499,20496
4141,2710,20590
4124,3083,20665
4140,3270,20927
4029,3439,21069
3920,3522,21139
3959,3895,21328
3772,4252,21403
3799,4283,21643
3709,4551,21694
3700,4750,21895
3580,5044,22003
3545,5081,22172
3326,5395,22375
3247,5423,22383
3181,5765,22512
3143,5878,22773
2984,5997,23070
2853,6289,22992
2865,6473,23161
2699,6549,23369
2541,6781,23574
2590,6960,23631
2363,7236,23750
2257,7410,23947
2236,7553,23925
2221,7724,24177
1877,7890,24397
1862,8079,24530
1837,8136,24547
1730,8470,24786
1692,8507,24952
1487,8775,24969
1448,8907,25239
1275,8966,25375
1247,9233,25525
1104,9317,25477
1091,9344,25652
883,9604,25910
843,9732,25990
704,9819,25942
675,10055,26195
612,10267,26359
459,10274,26354
303,10455,26512
252,10546,26703
84,10510,26579
58,10694,26917
-101,10831,26844
-235,10800,26984
-160,11008,27049
-363,11036,27096
-485,11248,27229
-643,11022,27263
-820,11410,27189
-856,11408,27354
-1024,11469,27445
-1221,11421,27386
-1232,11626,27579
-1336,11606,27503
-1492,11695,27535
-1610,11803,27635
-1831,11669,27638
-1997,11785,27604
-1956,11834,27641
-2144,11823,27685
-2467,11947,27638
-2381,12036,27553
-2616,12161,27665
-2732,12136,27742
-2868,12093,27579
-3072,12188,27546
-3117,12290,27545
-3329,12254,27454
-3452,12274,27536
-3586,12236,27542
-3689,12289,27402
-3982,12357,27386
-3973,12205,27185
-4238,12307,27304
-4429,12304,27087
-4216,12403,27215
-4516,12316,27025
-4831,12374,26882
-4713,12140,26999
-4863,12337,26880
-4959,12350,26749
-5067,12245,26633
-5157,12319,26646
-5332,12285,26534
-5327,12338,26454
-5476,12203,26255
-5676,12136,26197
-5534,12248,26059
-5760,12319,25921
-5615,12330,25962
-5839,12290,25633
-5937,12114,25709
-5759,12294,25452
-6099,12184,25262
-5879,12178,25275
-6043,12226,25066
-6145,12194,24927
-6144,12062,24639
-5977,12239,24552
-6362,12230,24436
-6136,12103,24311
-6364,12005,24063
-6367,12123,23825
-6475,12050,23763
-6386,12177,23468
-6618,12060,23137
-6474,12227,23223
-6687,11952,22869
-6544,12084,22656
-6847,12026,22379
-6856,11981,22200
-6772,11912,22143
-6878,11998,21804
-7057,11894,21635
-7117,11898,21533
-7245,11933,21193
-7213,11905,21042
-7385,11882,20675
-7440,11852,20667
-7472,11775,20339
-7684,11875,20096
-7641,11587,19941
-7687,11782,19686
-7870,11727,19433
-7841,11626,19289
-7987,11586,18936
-8029,11711,18781
-8025,11559,18593
-8146,11505,18242
-8196,11618,18155
-8034,11494,17831
-8211,11407,17605
-8221,11435,17317
-8224,11432,17144
-8253,11476,16788
-8365,11236,16573
-8300,11273,16335
-8243,11305,16097
-8241,11210,15919
-8147,11086,15534
-8293,11172,15297
-8125,10856,15119
-8328,10866,14809
-8220,10846,14674
-8190,10744,14272
-8256,10562,14074
-8216,10402,13910
-8102,10178,13644
-8223,10139,13232
-8223,10091,13090
-8105,10084,12923
-8151,9894,12654
-8163,9591,12526
-8211,9451,12216
-8232,9623,11858
-8057,9338,11701
-8087,9250,11542
-8039,9099,11274
-8091,9142,10969
-8059,8975,10709
-8109,8972,10481
-8082,8983,10487
-8063,8930,10147
-8171,8818,9952
-8127,8775,9802
-7977,8906,9722
-8110,8888,9460
-8006,8803,9350
-8046,8733,8932
-8086,8645,8855
-7980,8721,8724
-7864,8662,8566
-8017,8486,8207
-7992,8370,8069
-7835,8432,7834
-7816,8186,7607
-7743,8153,7577
-7772,8117,7265
-7560,7834,6908
-7586,7815,6827
-7476,7795,6637
-7322,7671,6368
-7341,7625,6070
-7097,7395,5717
-6989,7386,5695
-7058,7424,5427
-6646,7247,5248
-6665,7305,4828
-6469,7119,4490
-6413,7056,4223
-6261,7011,4103
-6072,6896,3635
-5863,6922,3281
-5820,6806,3192
-5641,6903,2737
-5494,6808,2594
-5356,6724,2284
-5090,6782,1910
-5070,6663,1519
-4723,6662,1392
-4671,6637,989
-4419,6669,609
-4317,6608,272
-4296,6356,206
-4014,6501,-362
-3951,6351,-683
-3798,6254,-935
-3769,6152,-1376
-3742,6329,-1582
-3605,5845,-1915
-3465,6197,-2147
-3182,6050,-2469
-3329,6011,-2721
-3239,5930,-3023
-2953,5986,-3279
-3133,5580,-3628
-2955,5779,-3858
-2903,5760,-4230
-2919,5640,-4360
-2895,5503,-4441
-2731,5517,-4817
-2622,5501,-5148
-2734,5173,-5423
-2429,5191,-5544
-2393,5140,-5709
-2376,4857,-6043
-2213,4934,-6304
-2056,4733,-6433
-2241,4584,-6857
-1833,4491,-6893
-1703,4426,-7156
-1795,4274,-7552
-1575,4223,-7662
-1331,3986,-7978
-1220,3858,-8272
-911,3836,-8355
-749,3789,-8721
-639,3704,-8900
-454,3642,-9117
-206,3342,-9470
4,3561,-9439
66,3270,-9985
336,3253,-10110
419,3228,-10307
771,3037,-10510
958,2860,-10854
1185,3055,-10874
1317,2862,-11187
1572,2636,-11326
1689,2575,-11593
1792,2565,-11746
1915,2431,-11900
2158,2280,-12083
2336,2122,-12160
2480,2049,-12418
2484,1874,-12456
2561,1710,-12750
2879,1592,-12806
2950,1254,-12963
2965,1267,-13027
3146,1091,-13103
3110,1017,-13329
3396,861,-13283
3395,774,-13548
3526,616,-13511
3498,454,-13685
3678,176,-13786
3765,80,-13859
3778,-126,-13924
3851,-190,-13897
3964,-250,-14287
4195,-602,-14201
4094,-623,-14159
4256,-834,-14485
4336,-1080,-14408
4498,-1146,-14627
4560,-1260,-14603
4798,-1362,-14585
4684,-1612,-14988
4965,-1719,-14917
4964,-1909,-15045
5091,-2006,-15200
5367,-2151,-15376
5437,-2352,-15437
5608,-2531,-15598
5555,-2574,-15868
5836,-2862,-15733
5874,-2921,-16147
6105,-2862,-16110
6252,-3219,-16310
6174,-3439,-16526
6526,-3477,-16502
6560,-3624,-16701
6721,-3835,-17024
6891,-4017,-16944
6908,-3919,-17273
7056,-4310,-17326
7090,-4349,-17444
7381,-4510,-17746
7472,-4849,-17782
7495,-4933,-17883
7660,-5017,-18119
7563,-5302,-18031
7823,-5569,-18286
7944,-5576,-18515
8032,-5573,-18537
8092,-6033,-18623
8164,-5973,-18726
8276,-6234,-18834
8296,-6337,-18995
8453,-6512,-18978
8438,-6721,-19116
8662,-6805,-19178
8703,-7179,-19221
8760,-7111,-19365
8703,-7335,-19271
8981,-7457,-19519
8810,-7696,-19495
9104,-7828,-19480
9210,-7976,-19498
9133,-8252,-19554
9282,-8269,-19527
9359,-8401,-19580
9382,-8557,-19501
9583,-8799,-19588
9435,-8868,-19415
9536,-9050,-19602
9664,-9165,-19588
9560,-9269,-19498
9699,-9487,-19437
9715,-9587,-19350
9784,-9647,-19422
9815,-9852,-19252
9916,-10035,-19373
9906,-10154,-19155
9814,-10253,-19139
9922,-10464,-19148
9977,-10458,-19016
9977,-10748,-18966
9999,-10782,-18881
10028,-10892,-18701
10086,-11031,-18756
10058,-11241,-18607
9994,-11203,-18398
10004,-11350,-18452
10095,-11575,-18191
10014,-11596,-18200
10025,-11642,-18223
9923,-11756,-17962
10007,-12018,-17888
9981,-11998,-17779
9993,-11996,-17694
9863,-12105,-17568
9961,-12109,-17359
9912,-12275,-17371
9859,-12389,-17266
9932,-12416,-17071
9938,-12504,-17113
9851,-12399,-16839
9817,-12490,-16709
9806,-12642,-16726
9762,-12560,-16492
9819,-12604,-16370
9713,-12646,-16407
9631,-12623,-16226
9648,-12760,-16148
9545,-12948,-16029
9551,-12635,-15806
9495,-12719,-15830
9646,-12744,-15621
9395,-12748,-15570
9416,-12746,-15411
9424,-12775,-15444
9272,-12761,-15155
9335,-12520,-15194
9287,-12655,-14902
9283,-12665,-14797
9236,-12451,-14752
9009,-12406,-14648
9178,-12532,-14439
9062,-12477,-14255
9057,-12177,-14241
8949,-12243,-14194
8894,-12086,-13839
8909,-12103,-13759
8732,-11961,-13659
8669,-11987,-13453
8713,-11800,-13423
8564,-11734,-13123
8618,-11706,-12969
8482,-11502,-12855
8557,-11457,-12789
8432,-11439,-12460
8289,-11195,-12299
8358,-11232,-12226
8261,-11115,-11972
7971,-10933,-11875
8159,-10912,-11622
8129,-10647,-11510
8029,-10642,-11391
7827,-10543,-11105
7916,-10385,-10960
7842,-10253,-10652
7910,-10130,-10666
7589,-10006,-10593
7611,-9760,-10378
7517,-9596,-9921
7607,-9594,-9867
7588,-9282,-9713
7378,-9229,-9430
7353,-9009,-9520
