44,24,37
-39,45,52
-16,66,2
138,68,43
-15,86,-39
-30,26,-60
27,-36,18
13,87,30
1,-17,10
86,137,-61
-8,40,-32
14,96,-50
-42,1,-2
108,-22,-17
82,-37,60
-37,120,-105
39,-66,37
119,69,-39
-41,28,-26
-24,-21,-15
215,-32,57
90,65,48
13,16,-68
1,46,38
-81,6,-102
-6,99,52
87,-199,-19
73,108,94
-162,-109,-78
126,39,-36
78,32,-56
-34,54,91
72,5,-70
30,-32,100
225,-34,-71
-18,40,36
-12,134,25
138,-16,31
40,122,27
55,14,-95
45,84,9
80,24,3
34,147,49
-21,63,51
24,30,-62
80,15,90
86,41,-49
98,54,-58
-96,53,70
29,-11,96
-29,6,-78
-36,-6,34
-4,8,41
62,5,-169
43,-7,88
-104,52,-21
60,103,86
47,-127,-66
19,80,-83
87,117,184
52,14,-56
17,-74,42
-13,24,-58
20,132,-70
-55,-63,-31
97,163,30
11,62,30
-1,-43,-5
80,-104,-2
65,68,-39
-133,66,-2
-82,162,17
147,4,46
-16,19,-177
134,59,154
-30,79,30
8,23,-164
-11,91,-42
100,15,200
-28,-84,-169
103,18,58
-39,95,84
36,12,-55
29,3,4
31,112,-21
-25,-31,2
87,183,-56
79,45,177
4,61,-75
93,94,78
-70,133,95
35,-20,-114
30,118,9
22,108,-88
70,-51,-1
-51,117,5
156,68,57
-9,-164,-36
97,-10,-83
88,14,58
16,161,-41
179,-16,45
-70,57,-113
-16,84,-10
123,69,31
1,12,101
19,-27,-77
91,29,117
43,-1,-134
25,60,74
42,71,14
52,50,3
4,-4,20
13,71,-105
23,-44,146
175,53,-109
-148,-13,-1
49,138,11
49,63,12
-88,-86,-66
67,66,14
-8,13,2
24,134,16
33,-117,-103
-12,125,68
38,257,1
70,18,-23
117,-41,66
-110,4,47
-11,-5,-96
90,96,-28
36,54,83
17,139,22
1,-125,-190
-46,79,31
92,82,190
19,-14,-136
1,75,1
-23,14,-38
2,138,3
125,-120,-32
0,71,-19
-1,51,72
114,15,-31
5,60,9
-10,8,-93
91,36,94
94,16,-150
16,48,63
33,-15,70
61,198,60
-49,78,4
7,-10,107
70,-58,-97
-23,139,44
56,55,5
50,17,16
54,95,-53
-1,36,35
-62,124,58
28,141,2
82,-63,-57
-14,106,-68
94,45,39
-105,73,-26
116,-2,53
-7,83,9
89,-3,-31
-43,-31,-32
29,119,107
63,-102,-84
27,34,73
12,93,12
88,138,-15
-122,-89,48
112,-65,57
178,-28,24
-64,100,0
-77,29,-34
84,4,99
14,-78,-7
94,8,12
-31,28,56
-38,33,-64
124,120,92
51,108,29
-130,49,-71
130,111,54
43,36,10
-25,61,-60
141,153,73
-130,-128,-8
175,15,39
69,-65,-80
-39,-4,-1
165,60,39
53,-71,-71
-42,15,82
221,63,5
-123,-32,-72
-8,-11,53
170,54,-67
14,39,-17
134,50,56
18,2,111
-25,70,14
146,75,-33
-105,108,-110
19,173,44
35,114,69
42,81,-121
37,-82,72
-26,-59,66
102,158,70
-53,-1,-99
-35,43,29
85,125,4
-42,56,92
-56,60,-138
155,89,140
36,-21,-125
-44,-8,75
39,-80,30
10,53,-85
13,42,-94
98,-57,135
-52,66,-10
61,53,-8
8,55,20
-2,16,-58
-4,7,-44
84,-1,-2
53,-78,-33
68,35,31
23,-41,8
42,-120,-59
18,81,17
-86,54,-68
18,37,148
162,-144,-49
-16,122,5
-76,14,50
66,11,45
-42,125,-75
46,161,121
14,16,-22
53,61,-55
-27,62,-46
-38,-84,32
10,87,-28
39,-27,185
-40,-21,-116
57,11,40
29,163,-54
-32,71,-20
98,103,62
103,-91,-29
63,16,67
30,42,-72
135,15,-12
40,138,168
-72,-65,-97
41,103,-5
62,-92,41
33,56,88
-16,93,-59
131,63,-31
24,-41,27
-37,3,44
17,52,12
35,45,-65
83,20,3
-11,107,1
-5,-149,-128
81,72,84
140,-8,6
36,-4,53
-50,64,-40
35,14,-53
102,19,0
124,31,77
-89,-29,-61
141,26,93
4,50,-48
45,32,2
-13,61,54
94,56,106
-143,-17,-47
45,-47,5
86,28,69
23,106,-46
96,-55,30
-19,11,-103
27,112,18
54,83,113
12,11,-111
88,-75,25
33,-51,-7
158,-13,117
-37,29,-67
37,173,12
55,91,65
13,46,-8
139,44,88
-57,-25,-28
160,16,-57
-56,18,77
118,40,-37
15,49,29
19,64,-116
76,8,121
103,89,-67
42,-91,33
-29,187,97
-9,21,-20
48,-55,-69
86,34,42
10,147,-97
42,-19,33
-92,15,5
13,-178,57
49,21,-20
-15,-22,-20
227,167,35
-129,-131,-68
-14,25,102
128,-7,-17
27,-5,93
-86,191,69
-102,-17,-27
47,-96,16
4,-67,5
36,93,17
-48,5,-27
40,-5,118
42,-71,-36
21,80,50
-34,54,35
-98,40,-1
152,28,-136
92,116,158
156,34,-78
75,-157,1
-40,12,-124
29,112,61
13,130,7
96,64,-24
62,84,-28
30,35,0
119,84,76
-121,107,25
77,174,46
-1,18,57
-48,-86,42
-6,-35,-38
58,52,104
-79,123,-20
94,1,-90
28,122,-11
5,-48,-38
15,55,29
73,67,-131
-19,92,31
-77,50,-27
152,133,45
-98,28,-68
28,89,-59
97,-2,116
41,80,38
3,-48,-29
22,47,-39
-59,-23,79
-33,13,13
80,55,15
-67,-6,-15
-24,-9,4
-14,-51,1
59,65,-10
-61,40,51
-66,-40,-10
114,-7,2
136,-41,-16
-58,-11,-45
-54,135,129
-44,-25,-75
211,-87,92
1,111,6
37,-3,-100
67,92,-42
-107,23,12
6,45,75
179,-24,7
-95,-17,30
108,-14,35
79,-136,33
107,-9,72
60,2,-109
-137,-98,62
122,44,-8
-32,90,83
93,57,-20
57,58,-41
57,94,49
8,-159,-22
83,171,68
-19,-55,-104
59,79,95
100,95,29
-35,149,18
103,-67,-178
-5,122,101
74,-71,3
61,126,-29
-5,72,5
148,-4,55
93,-51,-23
-126,151,92
2,57,-134
113,63,121
21,-15,52
18,-18,-66
15,-21,-53
-87,95,31
54,-47,-6
35,60,35
-56,-9,-50
83,102,-65
-114,-42,-61
72,102,143
6,39,-82
-26,75,22
180,-117,-30
-19,48,76
21,50,6
167,-26,2
-20,40,1
-21,86,48
43,123,-11
110,77,26
-48,-74,-41
-13,175,5
12,-76,3
-83,13,-16
112,52,-4
116,-21,92
15,60,27
79,-77,-34
-65,55,132
128,18,-31
-39,17,-137
76,63,147
-81,36,-14
47,-31,-26
191,10,9
-42,11,-22
105,83,-128
19,-125,59
-30,115,-38
140,61,145
88,21,16
85,111,-77
15,-65,150
-30,71,-85
-5,31,32
-24,20,-45
67,-88,-60
21,-4,42
-89,56,85
-1,65,-15
5,33,60
111,-21,-62
97,157,-25
48,82,59
-54,-2,-54
2,-19,74
50,-5,-15
80,50,71
36,-89,-23
-20,113,-40
59,90,100
-20,-19,-68
43,97,6
42,116,5
156,-19,26
25,3,57
-7,52,-73
39,28,93
12,135,-75
-89,95,-13
31,82,26
-5,44,-22
103,46,-63
-40,4,103
-77,34,-37
103,48,-29
65,-43,17
79,-30,-87
98,161,41
47,-74,-24
-42,155,-25
36,-96,-30
10,93,68
65,-16,5
90,66,14
22,73,21
63,2,59
40,5,40
-41,56,88
14,72,-75
-21,26,-11
-68,34,46
89,-109,-35
-84,-143,103
123,-46,-115
4,38,-5
93,61,8
60,35,-86
3,-35,-14
90,-8,8
3,21,116
-27,19,-135
41,36,77
-17,164,-26
-5,21,159
-38,85,105
96,-16,-171
12,99,67
-54,-6,209
-76,-35,-37
82,-27,-100
-18,-10,83
-24,-70,-49
137,60,-26
-60,127,114
4,166,15
79,-95,-59
18,2,82
12,-30,53
108,57,83
35,51,-24
93,45,13
-21,69,-169
46,146,64
47,80,6
111,-25,74
58,-80,-43
50,211,9
94,84,75
-19,161,23
20,-69,3
-105,20,-2
37,-41,128
18,20,-58
-31,16,13
-40,35,22
1,92,-71
114,110,76
-128,76,3
65,-41,1
33,50,-123
-84,45,127
82,3,-124
-5,71,70
73,-73,-50
73,7,-7
100,-14,48
-22,-36,123
82,-5,-188
105,39,102
17,86,-75
76,-77,55
8,-92,-58
-36,10,43
189,25,4
-14,-50,56
-14,11,-48
-77,-14,-30
78,111,59
17,-15,-34
38,198,17
-28,-94,-27
77,87,84
29,24,24
-29,97,-52
91,184,8
23,-15,4
-75,11,-18
41,29,133
114,1,-71
126,-18,44
5,-2,42
-65,55,-113
26,-89,56
85,49,-15
57,-87,7
-8,-79,-6
29,-86,-8
165,52,-12
-66,1,22
59,35,86
42,14,-90
51,47,-78
23,89,71
36,85,49
59,18,-87
79,108,102
-10,58,32
-13,-14,-21
88,-105,84
45,24,-10
71,-87,-10
90,30,2
-23,-29,-5
-16,20,79
33,91,185
-3,-103,-162
115,48,48
-23,88,39
18,-152,5
-17,20,10
-121,-12,-46
136,-16,-2
79,14,40
-6,-38,-105
15,176,80
71,-45,-5
98,25,-41
44,101,106
67,82,-75
104,40,67
16,35,134
25,24,-74
7,-77,-21
-14,-18,28
85,-23,-17
86,29,-33
-2,-104,85
68,45,62
55,87,30
-9,-84,61
27,-26,-123
22,68,102
6,84,51
2,78,72
-5,-16,-13
14,30,-139
69,142,11
66,46,90
-44,47,-11
11,92,15
145,25,0
120,115,25
-5,70,-9
-76,-39,-27
165,50,-58
49,-45,119
-16,31,-57
69,-10,8
34,56,14
16,120,-4
49,52,77
118,50,-153
-40,69,84
-27,34,-39
98,-86,15
16,90,-11
-84,24,10
104,-36,37
0,-60,1
176,53,4
21,-64,-28
-36,-22,62
13,-2,20
50,118,113
31,79,-109
61,87,39
-14,-6,-25
112,-66,-100
-81,-23,56
83,126,31
-50,63,-4
-12,-16,176
101,-22,-75
138,113,69
-118,31,-72
185,36,-7
-113,-57,47
77,115,77
83,16,-50
-41,6,108
41,-36,-16
47,-13,98
101,-43,-94
-33,119,31
60,-39,72
172,-19,-73
-80,-107,81
-18,18,-69
107,204,18
2,-180,10
-15,38,69
-27,67,-9
-6,-63,26
116,23,49
-51,-5,-41
69,60,-10
119,-41,65
55,-20,-13
-72,63,-99
117,-23,123
-47,64,-5
-69,-56,-67
109,189,21
4,118,-69
47,80,129
21,-15,6
20,58,-10
120,117,25
21,-31,93
30,8,-92
92,56,56
39,110,1
108,22,46
1,0,-173
40,43,99
-25,3,118
-69,89,-13
34,15,-24
68,-23,-106
41,154,5
-83,11,-60
80,128,40
-42,-7,-3
45,47,95
-2,61,-166
6,-39,109
82,-35,36
39,139,80
-41,-102,-90
132,-73,26
-22,-6,21
89,-15,-31
-27,56,-47
84,9,-2
126,140,143
-63,-30,-25
22,99,-73
0,58,-6
142,216,93
-30,-3,35
-95,-60,67
54,-69,-94
13,-37,-1
37,166,-31
50,131,57
32,93,-30
-86,103,-38
45,-64,-85
-45,155,49
147,125,-73
-24,106,-46
96,66,99
-48,-52,-55
-10,88,35
110,7,42
67,46,-34
65,-11,-116
41,80,125
-90,-41,-10
61,-56,-5
-39,72,-46
-72,109,-37
-19,56,168
-128,29,-132
122,81,99
-115,-7,0
13,-5,-35
163,-27,-25
45,51,-2
97,-21,-81
14,69,97
88,-128,-137
92,48,127
49,6,18
87,-24,90
12,186,40
8,-5,-101
35,-126,68
37,99,62
7,1,37
-1,-77,-125
15,31,56
155,46,-39
-94,-51,79
49,47,-53
9,46,16
-49,74,143
18,-1,-130
6,-115,0
72,216,50
94,38,-74
2,48,50
86,22,-13
45,-75,88
93,-30,-31
-13,-21,29
54,72,-66
35,-7,-67
56,-91,107
64,26,77
-25,64,-88
28,130,-14
-2,-40,-154
19,120,-24
-31,5,66
111,81,-7
-8,-69,46
-34,43,79
44,56,-3
51,25,52
77,72,-67
77,-21,6
-2,98,29
139,72,79
5,3,-44
-55,234,0
169,-131,-50
-112,21,98
77,43,-17
26,90,-36
4,-16,5
9,-13,-18
91,79,135
-1,213,-86
-1,36,-23
135,44,97
-106,-137,-28
37,48,28
105,-36,10
10,8,-33
137,21,22
58,25,-78
78,-9,30
35,-26,1
-110,-40,-35
187,159,37
-15,-19,11
21,44,38
89,35,65
-52,-69,-28
83,-56,-31
21,31,34
-34,51,12
84,-54,0
-58,77,-18
119,-20,81
-87,-37,71
122,84,-12
102,-4,-13
-19,61,88
70,130,22
44,76,28
-18,67,-106
-3,72,23
60,92,83
42,45,72
-36,-105,-9
59,-34,-8
45,5,4
50,194,77
-44,84,7
34,78,7
112,-22,-21
2,-6,44
-118,-81,14
2,65,11
1,18,-10
29,-21,56
28,89,89
-119,-143,-86
131,65,29
125,20,70
-48,-20,109
90,11,-89
-18,103,-72
20,-47,66
22,103,-30
104,-9,-64
-17,6,103
-20,-36,-27
95,-162,-10
-13,125,50
132,-68,-62
-19,-2,-20
-19,148,53
110,78,78
85,25,-34
79,9,-47
-74,-70,-34
68,79,85
55,93,-49
-19,43,130
150,-24,-17
97,102,-85
-115,109,2
45,129,-6
-36,0,67
-12,42,-23
-91,-36,59
15,-116,-38
0,5,-149
141,57,3
65,12,63
64,-5,-5
12,120,89
88,14,-108
1,140,76
38,72,-29
-48,1,63
34,111,24
-106,147,29
99,-47,-32
77,-13,-15
12,80,56
-75,-11,-43
46,7,38
28,-112,-48
21,40,-29
-17,150,108
16,32,-89
50,-21,78
65,-13,16
76,-43,-241
116,153,150
85,-97,42
19,41,-114
-23,121,107
67,62,-46
-30,91,-1
43,195,-18
-16,70,56
64,-16,-4
9,36,51
17,89,-40
35,19,-46
108,-21,95
-46,28,-19
-134,11,15
108,96,-54
15,-98,102
150,79,-31
15,110,-31
27,78,39
80,48,78
-9,73,-73
83,26,15
0,-14,23
12,184,79
-11,35,4
8,-62,22
66,-81,60
98,-57,-55
171,75,-15
-24,-25,52
-2,-87,43
124,46,-42
-11,3,-3
80,-25,61
29,8,-23
24,-68,8
-18,45,69
-11,-42,-86
-68,56,83
-29,131,1
10,-11,2
67,95,-51
3,44,19
140,35,-49
68,43,1
105,5,5
-125,-20,16
156,132,102
57,93,61
1,-36,-82
88,75,101
112,-9,-23
-79,-90,-67
115,-14,43
-15,93,60
-15,8,-39
70,-9,-37
-70,-31,80
106,70,-23
32,16,-80
2,-68,51
-6,9,-45
5,2,-52
157,4,-65
8,43,45
0,24,103
38,88,0
-23,-6,-8
22,76,67
-9,-56,97
46,44,72
65,43,-93
27,122,0
136,59,-11
40,-84,-15
-57,48,12
111,91,25
66,14,-65
1,5,-5
-13,112,-29
60,2,-29
24,81,-20
16,45,68
-75,2,110
83,12,-89
84,159,-7
37,65,66
-2,-34,-37
126,-29,-19
0,29,49
35,85,-41
45,50,-66
4,54,199
72,-16,-29
-49,12,-13
-22,48,-7
21,44,-63
-31,-133,113
-10,109,-41
22,-95,-126
1,86,21
93,-19,170
-25,17,-92
16,25,48
55,56,7
93,-3,-69
-59,119,96
15,48,63
125,87,-46
-93,24,79
166,56,75
0,3,24
87,46,55
29,95,31
45,-17,-30
107,57,-24
47,131,-104
-24,139,191
119,-131,-52
76,56,-76
11,105,130
-16,-104,-78
-76,149,-66
48,39,-3
19,-91,-27
-111,-66,34
64,81,-4
82,-38,-61
89,60,97
-123,-67,-7
51,-58,-3
-25,38,-88
102,52,-22
97,63,57
21,46,-28
84,213,87
-116,79,-33
81,-8,-182
-19,143,206
2,154,59
82,-21,-110
128,-36,88
-50,110,-40
109,129,-9
50,66,79
-80,26,0
212,25,52
-128,-20,27
18,167,70
-40,66,-166
124,-114,83
121,84,-79
-126,104,33
25,-86,-53
59,-81,39
76,-26,-63
36,31,-19
30,19,-23
101,46,207
-37,54,-63
40,4,10
-44,-32,-8
34,63,-32
89,-20,148
18,7,-58
33,45,-120
81,-30,97
-71,45,-113
91,86,21
-106,-61,74
51,102,-43
125,56,7
10,-26,20
-5,111,104
-2,-127,-81
36,21,4
35,98,-62
142,134,130
-74,17,23
13,-15,-55
116,67,152
129,24,-57
12,-13,-57
99,134,5
56,-79,88
29,137,-135
22,-18,61
31,42,22
3,105,-10
-88,4,53
67,50,29
98,25,17
-25,-18,-56
198,7,34
43,11,-45
141,97,10
-70,25,83
147,-148,25
-66,17,-44
7,76,51
72,77,12
-22,14,69
23,21,-86
-19,-4,34
57,13,-19
38,-134,-37
-23,63,194
68,29,-128
-32,63,-1
7,20,124
36,-26,-25
-19,-4,-87
95,31,147
31,-4,51
37,-9,-196
74,74,96
-30,59,64
33,-22,-3
-6,70,-40
21,-3,21
11,52,-64
-26,-15,-3
53,44,62
11,32,-11
168,148,162
-25,-36,-111
32,110,43
17,-60,111
118,7,0
-28,17,73
-37,78,-33
-59,66,17
87,72,-6
58,91,-78
7,41,-34
10,170,116
59,-2,-69
62,61,-89
41,16,7
52,-12,8
102,-99,55
43,22,-22
43,100,-3
28,-8,118
-25,-11,-65
-60,-15,102
138,85,-71
18,-46,0
-3,194,17
-61,6,3
3,-142,16
45,30,91
-59,26,-63
13,-51,-13
27,71,69
56,127,-2
10,-21,0
-41,70,33
96,40,-52
-57,21,67
62,-125,-72
95,-20,-17
26,77,-17
102,-2,-89
39,-55,64
85,-62,-10
85,163,33
 60,-86,
166,-96,3
9,18,-1
-78,17,34
48,-4,53
21,30,-99
-49,71,74
92,29,20
19,36,-73
-52,51,-54
-3,51,59
62,108,91
11,-5,-1
75,-32,-112
30,195,57
32,-94,-8
44,86,-64
77,42,-38
-101,49,96
23,-115,-87
138,102,31
3,215,-27
20,116,-29
-10,50,10
27,8,61
26,27,82
-66,85,-148
-85,-15,78
-4,84,73
-17,-2,-19
7,54,-24
126,-60,56
-56,-22,118
68,85,-98
14,-26,25
11,133,-104
6,-50,95
68,-112,-57
71,35,-20
45,-115,-5
-34,95,-10
169,-38,-64
-46,69,-8
39,53,63
39,38,25
42,56,18
42,-45,-28
-21,52,16
58,53,45
33,-9,9
53,-62,-15
19,-64,29
70,-25,24
101,-33,52
-16,17,-46
-76,234,-57
126,65,68
0,-122,31
-1,181,-55
6,1,-63
62,8,96
120,12,47
4,-1,45
-42,-20,-48
129,-52,-8
-14,76,83
-13,66,15
100,-34,15
78,110,-2
-52,65,-3
34,-130,-12
18,40,-36
-21,-1,170
-21,-86,11
69,178,-37
103,38,18
84,-21,-75
5,-2,3
-27,14,67
61,-121,-36
80,101,1
82,40,104
19,-87,-110
63,107,-15
-62,7,41
-3,-47,-45
143,15,21
46,124,29
141,3,98
-86,-30,-115
-21,-19,96
50,58,-76
73,61,69
-93,-103,20
-23,-15,-37
59,143,26
-55,-3,112
24,5,35
-97,-34,-152
71,79,95
-11,-14,48
-97,-56,-108
34,94,86
9,45,6
52,-62,-24
34,-29,-90
51,159,69
33,31,55
-108,133,-221
170,83,275
111,-63,-2
-3,64,28
113,-36,11
-60,-10,29
103,-38,-83
-5,54,168
-6,69,17
-21,-10,3
98,68,-5
-3,-20,20
-41,-81,49
100,-94,-4
-41,172,-120
58,-120,180
-28,-5,-149
66,83,89
-53,74,9
-24,-103,-51
142,90,154
143,28,-115
-6,11,63
-56,15,32
31,-90,33
50,234,-30
39,10,48
-38,59,89
45,27,-63
15,-79,-1
0,137,-23
-84,-33,-18
88,-53,-45
54,-36,88
-41,-59,-34
85,87,12
-23,69,-83
-85,65,12
153,42,76
64,0,-51
48,-18,-15
-31,17,37
151,52,23
-2,79,-53
112,7,77
35,-29,-102
-50,31,217
63,-62,-24
13,84,37
40,-42,-69
60,-11,8
68,109,1
2,33,-130
62,80,107
-22,20,24
54,66,-29
-47,94,-34
32,108,-1
37,49,60
27,-3,84
-50,-56,27
152,97,-78
-81,35,76
122,57,-36
88,-98,63
51,19,-55
115,35,-22
-25,57,39
58,152,-97
71,150,135
40,-46,67
82,43,18
-76,-3,-30
-119,82,71
77,-18,-22
47,142,55
22,-64,25
4,29,-88
-30,119,18
-24,-55,-67
-35,-35,3
145,98,-72
24,91,-25
-61,8,57
10,24,-40
96,58,31
124,41,9
40,32,81
-23,-33,43
97,-28,-111
177,149,-12
33,-147,8
-91,199,133
24,14,-24
13,51,-46
113,119,-100
51,46,19
-36,31,103
99,39,9
-66,-95,17
22,141,-5
48,122,-49
58,20,62
-31,28,-116
97,120,9
-10,-54,-26
44,-4,-82
-5,-48,-49
-15,-36,108
287,3,42
-99,-29,20
-66,108,33
-3,-39,8
-32,36,92
50,129,-2
-30,21,32
10,95,93
96,-210,-106
-15,53,38
32,-5,40
-9,-10,-134
94,120,60
35,77,18
90,18,40
-5,74,-15
78,-1,16
135,56,37
112,73,-36
-179,-43,-7
117,48,8
44,-4,-4
110,105,45
-118,39,15
-3,-20,36
56,50,-3
8,-155,-83
62,75,129
1,115,6
-32,35,-22
35,92,18
34,-11,14
-33,-1,-73
73,121,61
12,53,-41
-50,10,37
97,9,23
-25,-41,-96
-13,62,57
54,-4,-47
23,22,49
-54,-97,-93
159,111,-3
-9,22,56
12,100,-11
106,7,22
23,71,99
9,-33,20
-30,237,-63
-50,80,22
79,1,-7
60,56,149
42,-13,-84
-24,-7,-11
65,19,-80
-11,85,7
-55,149,-11
76,13,133
65,-34,-88
-1,67,10
34,141,-5
-10,62,-57
67,111,94
82,71,-15
16,33,49
65,-14,-91
-107,112,114
35,17,-29
93,-30,-28
50,182,119
-20,80,-12
-112,-148,-41
128,22,1
-74,-59,17
75,93,0
57,115,5
9,-59,-60
-43,-1,-32
40,92,37
2,87,10
15,153,57
-26,82,23
-26,49,-68
113,-2,-57
-34,40,106
98,78,-37
-18,-41,-63
-77,30,-4
55,71,93
58,-34,-31
33,49,48
49,94,8
-44,84,52
74,-19,-58
-47,76,-12
13,-23,63
15,17,-47
2,51,163
-11,-41,-124
-47,41,-60
86,-31,33
20,82,110
118,-10,-15
-21,-70,-3
-31,30,-30
106,-17,24
86,97,-13
88,47,14
-46,15,-58
80,-115,24
32,56,16
-9,25,101
75,57,15
69,-53,32
-86,29,53
75,78,-81
117,-73,107
5,-40,-95
-54,94,90
89,37,-18
-47,-15,80
35,130,-7
76,-105,-24
37,60,34
65,78,17
87,-11,7
-42,11,13
67,16,38
55,40,4
4,-8,-54
115,51,127
74,199,-124
-69,168,-4
-14,-55,116
61,113,-77
38,94,54
86,108,78
-94,-52,-91
90,25,14
-14,104,-17
-88,172,95
62,44,-63
90,64,40
-8 4,224,-
91,-12,16
31,79,-8
37,86,-3
128,66,110
-76,96,-22
178,-83,-48
35,161,52
-20,-36,1
60,49,-60
-54,115,-25
18,-6,41
37,21,0
51,17,-79
-9,26,116
70,-11,-49
32,-24,-25
57,46,21
30,-107,-22
-29,42,49
-50,12,72
-87,43,-133
 4,-5,12a51,68,134
9,131,26
116,-45,-196
1,-74,91
110,89,102
20,142,-47
53,-67,-105
-22,-150,-90
12,107,160
20,44,-105
-12,80,115
39,-22,1
117,-31,-86
44,7,74
35,-21,45
-99,60,39
55,168,-116
-24,16,64
56,-46,15
-106,21,126
67,79,15
-18,52,-109
61,-35,-12
-20,168,84
62,18,17
83,85,22
-14,8,14
126,-2,-31
94,-17,23
161,96,-116
-52,119,-56
-18,42,136
11,19,-134
36,38,-58
41,121,72
120,111,-35
-81,176,63
35,102,-76
-29,14,69
-44,110,0
-15,-112,27
38,38,-10
63,-54,107
-32,-47,-61
152,41,45
-76,18,-136
105,42,67
-19,96,13
1,-20,-89
116,42,-5
-37,-49,-71
111,-103,66
109,58,0
26,66,-22
-4,-123,37
76,69,-29
4,55,-27
64,-5,47
54,109,137
101,70,-65
-106,52,-23
88,-70,71
91,-30,-85
-95,65,0
-48,16,-146
-65,84,9
143,19,107
44,-124,-199
31,13,180
30,9,-69
52,182,43
2,91,96
129,-63,-68
96,-50,43
113,-73,68
40,77,34
20,64,16
126,28,-58
-60,5,85
-56,-49,32
95,68,122
-87,112,-97
-88,200,7
77,-4,118
46,-102,15
25,9,34
-49,-180,-96
47,96,-1
24,79,-78
4,-79,-25
-28,-30,14
94,103,163
82,17,-61
-35,-24,-82
124,24,58
-65,-62,91
58,-59,-72
96,30,134
26,-70,-52
-16,-2,-7
36,18,76
66,135,-107
-42,-62,-6
-57,-57,78
95,119,-19
-17,-27,50
25,163,-79
-2 9,34,25a51,37,-90
7,193,174
-92,-93,34
17,70,-126
-52,43,27
63,15,80
17,95,-7
11,36,-17
115,168,98
4,-102,-156
108,153,74
20,-102,6
68,-12,25
101,-4,72
-10,4,-125
-29,22,90
55,-64,-51
36,95,-9
164,117,30
-140,-127,69
153,-95,77
-13,94,-67
-52,122,-25
100,-79,-48
-2,-104,27
-25,-14,-118
57,78,11
34,37,-32
157, -20,-12a75,73,15
-87,41,-42
60,41,47
57,-15,22
-63,-129,90
181,63,34
-136,-96,8
130,22,1
123,100,-6
45,35,0
49,27,-35
36,19,40
-122,1,81
50,11,-17
-60,81,-11
-22,160,55
5,-38,6
25,-16,-12
122,0,-46
-118,21,-8
53,1,41
15,93,-64
58,53,-53
-20,-45,49
96,31,-32
95,-24,133
12,-63,-135
11,64,-88
64,75,48
78,66,33
67,-91,-40
67,112,123
46,-42,-64
-132,72,47
-58,87,-73
38,108,37
28,163,-53
-1,-121,4
51,-107,76
-33,183,20
95,68,-163
1,72,168
5,15,-80
83,115,12
58,3,35
-54,150,-73
51,31,5
89,-40,11
-74,-25,31
202,74,51
54,-17,-79
71,32,93
-44,-109,-59
75,-26,11
62,118,67
-5,22,49
-56,25,18
20,90,-70
-92,-12,-21
123,2,-10
-14,45,-65
-32,11,26
57,84,-16
111,43,81
-80,123,-43
57,107,33
164,117,75
-80,53,-55
20,50,-25
80,-31,-80
-75,-107,114
65,68,24
33,67,11
36,-70,-1
83,-86,22
30,-52,-22
45,35,38
106,209,139
-51,62,30
-55,34,-2
24,108,-74
-4,62,86
-24,-64,103
70,-6,52
79,-43,-191
11,58,138
81,69,128
130,-72,-140
-101,58,8
39,99,20
-19,-70,-5
43,34,0
55,15,184
76,56,-88
73,51,135
79,145,-105
23,5,-23
-26,15,58
22,171,-8
70,-17,29
-126,134,30
-3,78,-96
149,-51,-39
-97,0,99
53,100,30
-4,-9,-20
49,69,103
5,63,-30
122,36,-47
10,-16,-98
107,14,131
46,-96,-60
48,1,5
22,20,-5
16,100,-37
