-2685,10395,670
-2679,10463,754
-2708,10469,668
-2843,10466,634
-2818,10379,622
-2778,10394,697
-2816,10461,725
-2779,10400,715
-2770,10287,627
-2822,10337,707
-2767,10461,536
-2804,10552,782
-2747,10515,769
-2852,10428,690
-2751,10404,780
-2803,10526,810
-2736,10470,845
-2754,10417,706
-2718,10427,794
-2651,10614,759
-2631,10584,811
-2689,10514,877
-2644,10461,783
-2711,10573,825
-2689,10509,766
-2722,10550,871
-2725,10545,752
-2678,10539,783
-2682,10569,901
-2762,10622,813
-2763,10549,802
-2716,10517,902
-2714,10592,1003
-2582,10527,774
-2670,10661,778
-2759,10667,882
-2618,10697,828
-2591,10708,858
-2677,10787,873
-2606,10899,833
-2653,10793,854
-2607,10751,852
-2619,10850,997
-2563,10844,843
-2505,11009,820
-2680,10937,864
-2618,10593,819
-2585,10852,909
-2568,10950,976
-2556,11077,909
-2515,10987,918
-2556,10925,845
-2639,10999,874
-2594,11095,816
-2538,11103,866
-2620,10988,897
-2631,10943,785
-2608,10900,846
-2672,10999,899
-2629,11032,1011
-2649,10869,851
-2663,10871,751
-2677,10835,867
-2765,10893,886
-2729,10884,977
-2589,10809,784
-2804,10855,766
-2869,10726,848
-2856,10797,921
-2821,10776,927
-2835,10695,828
-2784,10796,852
-2837,10638,898
-2837,10734,1038
-2893,10530,1063
-2922,10514,896
-2920,10502,915
-2840,10468,947
-2881,10596,1064
-2856,10567,985
-2910,10426,903
-2881,10451,1041
-2876,10413,1019
-2857,10337,1087
-2878,10488,1090
-2870,10378,1069
-2888,10410,928
-2883,10307,1082
-2805,10624,1112
-2864,10323,1083
-2840,10359,1091
-2744,10328,1055
-2689,10426,1082
-2693,10251,1040
-2614,10396,1134
-2763,10275,1031
-2695,10363,1020
-2724,10360,975
-2639,10345,1001
-2654,10414,857
-2693,10431,971
-2699,10365,920
-2626,10464,1021
-2669,10446,917
-2604,10492,999
-2664,10386,935
-2670,10449,912
-2682,10513,897
-2740,10483,1021
-2669,10550,889
-2765,10700,968
-2769,10638,955
-2767,10633,923
-2900,10576,970
-2869,10651,889
-2980,10546,977
-2968,10607,920
-3076,10621,1011
-3050,10492,1122
-3136,10472,1005
-3178,10361,1091
-3189,10438,1080
-3294,10486,1112
-3270,10470,1120
-3285,10414,1039
-3307,10649,1167
-3312,10409,1085
-3298,10554,1103
-3238,10438,1104
-3279,10401,1111
-3334,10427,1116
-3259,10539,1120
-3191,10496,1197
-3155,10555,1171
-3323,10511,1071
-3127,10378,1117
-3148,10481,1061
-3098,10489,1232
-3138,10423,1095
-3168,10267,971
-3185,10246,1140
-3115,10299,1048
-3020,10382,1090
-3010,10355,771
-3022,10246,1006
-2972,10200,1104
-2953,10268,1019
-2954,10290,1038
-2927,10248,959
-2890,10105,914
-2951,10106,975
-2945,10195,980
-2890,9990,1014
-2926,10220,967
-2927,10079,910
-2854,10198,937
-2880,10134,943
-2892,10214,1029
-2956,10141,838
-2952,10165,879
-2961,10109,839
-2920,10184,774
-2930,10181,985
-3052,10236,854
-3017,10131,843
-3024,10075,869
-3019,10160,977
-3010,10244,912
-3039,10254,869
-3024,10125,866
-2985,10179,847
-2938,10193,896
-3041,10205,961
-3022,10224,916
-3003,10140,824
-3034,10257,907
-2986,10227,889
-3009,10276,920
-3049,10238,855
-3055,10205,926
-3002,10221,955
-2942,10183,979
-2960,10299,984
-2987,10275,848
-2964,10141,886
-2999,10283,957
-2985,10266,920
-2875,10184,924
-2864,10271,904
-2905,10261,1033
-2919,10251,953
-2850,10165,944
-2880,10140,1189
-2800,10275,970
-2783,10227,1034
-2826,10261,1063
-2837,10150,1016
-2776,10144,1048
-2707,10138,1095
-2630,10244,1109
-2730,10186,1067
-2732,10038,1045
-2736,10156,1128
-2708,10245,1185
-2688,10142,1136
-2648,10109,1157
-2565,10091,1114
-2556,10085,1272
-2595,10085,1248
-2546,10068,1130
-2605,10070,1206
-2517,10029,1235
-2515,9999,1316
-2495,10058,1269
-2576,10004,1252
-2468,9971,1185
-2544,10027,1242
-2443,10076,1315
-2508,10050,1157
-2479,10050,1188
-2408,10090,1187
-2358,10157,1268
-2330,10308,1224
-2279,10266,1192
-2322,10233,1175
-2237,10270,1205
-2184,10385,1202
-2233,10504,1205
-2253,10447,1141
-2151,10391,1111
-2056,10473,1210
-2170,10530,1184
-2163,10693,1203
-2173,10594,1081
-2189,10551,1103
-2103,10680,1165
-2056,10805,1259
-2207,10679,1135
-2206,10659,1187
-2276,10708,1158
-2250,10771,1155
-2263,10807,1241
-2538,10675,1184
-2359,10629,1143
-2523,10698,1196
-2477,10671,1190
-2567,10687,1226
-2639,10613,1221
-2647,10567,1080
-2754,10622,1143
-2736,10573,1107
-2870,10463,1129
-2945,10495,1108
-3024,10413,1127
-3082,10531,1165
-3057,10367,1110
-3145,10313,1226
-3115,10363,1057
-3185,10347,1104
-3206,10311,1061
-3238,10215,1001
-3243,10228,1270
-3216,10347,1033
-3168,10295,1106
-3216,10210,1115
-3186,10178,1031
-3161,10203,865
-3192,10160,961
-3098,10127,1008
-3012,10192,996
-3030,10222,1033
-2939,10175,1272
-2929,10065,997
-2881,10109,1061
-2836,10205,1024
-2724,10470,1053
-2717,10179,1082
-2625,10289,1089
-2515,10303,1084
-2450,10267,1139
-2452,10375,1075
-2472,10221,993
-2318,10285,1054
-2346,10344,1052
-2065,10319,1057
-2305,10316,1057
-2290,10308,1043
-2209,10366,1083
-2239,10430,1250
-2500,10366,988
-2308,10344,1037
-2217,10473,992
-2246,10414,1072
-2257,10373,1029
-2326,10491,1060
-2230,10492,1038
-2406,10561,1027
-2385,10378,914
-2443,10470,917
-2418,10556,1008
-2503,10491,1003
-2534,10444,1001
-2491,10549,979
-2546,10677,846
-2495,10658,952
-2596,10605,991
-2621,10601,1093
-2638,10760,1063
-2551,10770,1147
-2666,10705,992
-2778,10656,1028
-2810,10701,1115
-2779,10760,1076
-2732,10707,1046
-2805,10745,1043
-2848,10771,850
-2904,10815,984
-2898,10724,1020
-2955,10714,998
-2869,10844,1163
-2847,10897,878
-2950,10872,1036
-2967,10773,1052
-2883,10743,1074
-2950,10754,1122
-2924,10816,1126
-3037,10644,1070
-3013,10703,956
-3032,10609,945
-3046,10982,952
-3040,10716,962
-3012,10652,1008
-3020,10572,1006
-3079,10566,983
-3060,10652,971
-3031,10494,935
-3050,10584,887
-2962,10582,906
-2927,10683,951
-2978,10549,905
-3044,10581,911
-2847,10616,927
-2818,10680,989
-2865,10578,980
-2772,10526,834
-2747,10543,903
-2778,10591,951
-2662,10538,983
-2695,10507,865
-2646,10751,918
-2616,10514,841
-2593,10552,945
-2482,10462,928
-2455,10484,918
-2406,10573,947
-2504,10502,841
-2436,10524,881
-2397,10490,791
-2405,10513,884
-2428,10611,892
-2415,10581,848
-2374,10442,820
-2485,10449,868
-2460,10528,862
-2372,10700,813
-2412,10584,805
-2503,10266,811
-2529,10579,859
-2478,10698,902
-2491,10666,871
-2605,10611,880
-2552,10637,828
-2568,10586,834
-2586,10667,1006
-2559,10785,836
-2596,10612,892
-2628,10695,951
-2662,10776,920
-2720,10683,928
-2686,10819,829
-2561,10643,981
-2723,10513,908
-2776,10748,932
-2795,10733,978
-2762,10811,814
-3015,10656,1071
-2793,10697,951
-2861,10676,1045
-2894,10787,1057
-2769,10839,1070
-2845,10665,1037
-2958,10593,923
-2962,10588,1010
-2944,10586,1119
-2925,10612,1196
-3003,10527,994
-2972,10549,1003
-3028,10459,1029
-3065,10727,1014
-3028,10571,793
-3062,10463,937
-3014,10413,958
-3018,10378,965
-3024,10355,888
-2960,10553,1047
-2990,10373,925
-2899,10359,846
-2898,10423,904
-2854,10371,939
-2786,10546,857
-2783,10410,834
-2744,10365,594
-2704,10368,808
-2699,10452,851
-2646,10420,828
-2683,10422,799
-2618,10444,532
-2548,10531,771
-2532,10481,800
-2551,10469,683
-2591,10380,708
-2464,10459,762
-2455,10521,809
-2427,10464,740
-2511,10501,735
-2447,10424,713
-2467,10536,1012
-2545,10610,746
-2532,10592,798
-2561,10561,724
-2500,10707,805
-2571,10517,935
-2609,10597,822
-2565,10565,839
-2672,10534,871
-2654,10502,953
-2635,10692,977
-2736,10532,949
-2685,10545,999
-2650,10493,908
-2623,10751,999
-2682,10556,1046
-2675,10500,958
-2749,10452,953
-2713,10536,986
-2738,10578,1083
-2624,10580,1037
-2742,10486,1034
-2745,10354,794
-2701,10488,1011
-2745,10504,1073
-2707,10453,1009
-2772,10339,1067
-2671,10410,777
-2734,10336,1001
-2709,10350,1050
-2712,10307,1009
-2701,10432,900
-2647,10208,902
-2761,10219,962
-2706,10283,928
-2640,10162,889
-2686,10141,878
-2716,10092,795
-2641,10205,936
-2597,10151,820
-2576,10149,789
-2585,10016,731
-2646,10154,770
-2588,10220,779
-2584,10270,816
-2618,10169,752
-2636,10078,823
-2587,10248,795
-2579,10244,776
-2549,10265,818
-2588,10231,799
-2565,10223,714
-2522,10187,829
-2633,10253,947
-2586,10242,830
-2598,10222,853
-2730,10154,878
-2684,10244,905
-2671,10258,891
-2652,10236,862
-2723,10093,779
-2792,9970,890
-2793,10089,961
-2819,10102,873
-2767,10173,939
-2763,10126,853
-2862,10021,827
-2796,10041,849
-2839,10160,1026
-2880,10173,1231
-2829,10016,973
-2901,10029,904
-2911,10057,863
-2826,10010,935
-2885,10121,851
-2934,9999,861
-3025,10074,954
-2855,10112,945
-2856,10083,964
-2931,10073,927
-2932,10070,861
-2869,10179,1003
-2888,10065,943
-2984,10198,845
-2953,10043,867
-3024,10052,905
-2977,10099,834
-2969,10028,886
-2999,9926,914
-2996,9979,828
-2979,10078,947
-3047,10128,817
-3060,9966,888
-3016,9990,897
-3047,10008,824
-3042,10128,852
-2953,9996,793
-3001,10047,832
-2939,10039,814
-2989,9910,871
-2956,9921,869
-2940,9942,608
-2915,9922,801
-2885,9968,903
-2924,9945,815
-2880,9936,879
-2890,9873,911
-2790,9994,854
-2726,10009,919
-2730,9803,857
-2712,9894,874
-2696,10040,899
-2658,10045,906
-2703,10057,949
-2662,10031,915
-2600,10042,923
-2650,10123,979
-2723,10097,893
-2621,10227,885
-2685,10156,903
-2659,10253,902
-2727,10158,962
-2702,10262,878
-2765,10148,908
-2718,10284,919
-2791,10405,997
-2865,10326,923
-2884,10258,824
-2904,10287,810
-2943,10481,939
-2947,10481,919
-3011,10517,748
-3039,10621,852
-3080,10534,537
-3065,10688,868
-3091,10586,811
-3102,10659,848
-3134,10691,825
-3161,10679,860
-3011,10791,797
-3230,10773,888
-3245,10724,774
-3265,10712,834
-3199,10771,822
-3217,10855,980
-3206,10830,895
-3174,10770,852
-3184,10781,988
-3198,10935,1013
-3204,10895,972
-3276,10899,889
-3190,10895,933
-3116,10969,987
-3154,10958,975
-3183,10913,943
-3111,10876,923
-3309,10804,998
-3077,10866,1004
-3093,10885,1023
-3029,10780,928
-3079,10820,1021
-3036,10818,1071
-3013,10890,918
-2958,10839,900
-2901,10771,948
-2920,10848,959
-2971,10742,1027
-2987,10635,828
-2903,10730,876
-2802,10824,803
-2895,10727,833
-2831,10575,764
-2822,10519,715
-2743,10651,768
-2783,10610,831
-2748,10551,819
-2645,10680,871
-2606,10704,848
-2610,10677,828
-2574,10335,882
-2640,10488,816
-2583,10648,935
-2569,10676,926
-2664,10586,856
-2472,10582,860
-2552,10592,968
-2469,10653,928
-2562,10569,950
-2512,10562,917
-2518,10570,936
-2492,10606,1038
-2507,10544,1052
-2467,10640,990
-2668,10531,959
-2523,10494,995
-2522,10581,1037
-2501,10585,1062
-2609,10598,769
-2609,10443,1013
-2634,10544,1024
-2633,10424,1089
-2629,10712,1180
-2682,10388,1143
-2639,10383,1056
-2758,10423,1089
-2660,10439,1114
-2686,10467,1031
-2711,10362,1033
-2723,10435,1158
-2736,10567,1249
-2724,10469,1178
-2667,10255,1059
-2754,10478,1059
-2779,10471,1125
-2683,10458,1173
-2842,10435,1126
-2860,10398,975
-2787,10523,1077
-2761,10579,1033
-2795,10524,931
-2773,10448,976
-2812,10414,969
-2739,10489,924
-2730,10610,1059
-2818,10522,919
-2691,10520,886
-2783,10515,885
-2637,10587,966
-2679,10566,901
-2685,10526,866
-2682,10490,925
-2722,10646,965
-2668,10641,911
-2687,10555,959
-2716,10571,889
-2654,10571,992
-2582,10655,1005
-2589,10611,976
-2628,10267,916
-2588,10572,909
-2629,10514,1022
-2591,10542,993
-2638,10383,976
-2597,10380,878
-2544,10405,925
-2500,10450,1007
-2511,10450,1014
-2324,10372,994
-2519,10325,1007
-2540,10382,1111
-2542,10322,1129
-2480,10213,1045
-2462,10159,980
-2450,10214,1093
-2441,10224,1092
-2461,10159,1044
-2498,10007,980
-2313,10012,1056
-2443,10160,1047
-2430,9994,1047
-2501,9886,1004
-2476,9871,993
-2497,9931,999
-2489,9861,985
-2535,9831,1016
-2630,9726,928
-2580,9705,930
-2549,9760,988
-2484,9817,1011
-2522,9735,944
-2528,9644,862
-2491,9673,923
-2507,9794,1016
-2535,9687,993
-2620,9701,923
-2542,9983,962
-2441,9624,917
-2429,9835,990
-2462,9769,970
-2392,9736,917
-2433,9777,985
-2460,9800,972
-2385,10026,1021
-2375,9991,835
-2414,9931,974
-2361,9949,1008
-2417,10064,973
-2431,10049,1055
-2453,10106,808
-2460,10029,989
-2516,10162,963
-2532,10127,1015
-2549,10194,1145
-2592,10171,804
-2641,10145,1046
-2646,10169,971
-2703,10133,999
-2628,10460,1041
-2712,10183,1158
-2789,10169,980
-2887,10136,979
-2856,10170,1034
-2861,10128,1023
-2776,10175,954
-2818,10119,976
-2862,10053,977
-2858,10122,966
-2832,10154,1022
-2926,10179,939
-2903,10182,892
-2941,10018,901
-2883,10246,985
-2888,10179,1082
-2811,10253,959
-2809,10106,881
-2902,10102,936
-2794,10200,889
-2754,10167,919
-2777,10375,925
-2752,10283,917
-2780,10265,868
-2733,10414,904
-2758,10396,979
-2743,10363,830
-2771,10326,910
-2736,10457,875
-2677,10455,938
-2691,10493,935
-2632,10437,867
-2661,10344,847
-2620,10494,895
-2548,10515,847
-2683,10443,924
-2649,10455,854
-2666,10698,917
-2596,10436,919
-2617,10549,1003
-2637,10548,874
-2686,10454,1013
-2642,10667,979
-2703,10446,1030
-2646,10499,999
-2665,10481,928
-2626,10461,936
-2622,10442,944
-2708,10570,972
-2617,10557,909
-2644,10539,960
-2682,10497,974
-2730,10466,953
-2700,10535,963
-2692,10654,885
-2767,10542,886
-2765,10532,1030
-2791,10507,970
-2841,10603,917
-2753,10686,903
-2785,10622,837
-2790,10463,880
-2800,10600,837
-3058,10657,950
-2794,10642,834
-2790,10632,792
-2830,10543,918
-2803,10579,914
-2753,10658,887
-2821,10660,865
-2786,10587,828
-2815,10517,802
-2794,10610,777
-2850,10610,854
-2776,10646,853
-2756,10589,792
-2714,10536,748
-2722,10658,753
-2681,10531,856
-2711,10607,855
-2656,10581,820
-2642,10503,799
-2585,10673,894
-2666,10539,778
-2649,10519,840
-2603,10694,831
-2496,10597,865
-2515,10639,911
-2534,10632,871
-2554,10616,869
-2553,10601,891
-2468,10583,878
-2554,10666,884
-2583,10592,936
-2579,10589,943
-2593,10619,922
-2499,10621,856
-2645,10611,934
-2640,10588,892
-2614,10570,866
-2609,10575,842
-2676,10581,801
-2650,10629,962
-2669,10566,855
-2749,10574,822
-2701,10741,857
-2680,10673,885
-2678,10707,890
-2690,10640,843
-2733,10639,783
-2726,10749,838
-2687,10715,871
-2669,10704,883
-2722,10744,799
-2752,10724,1012
-2755,10712,873
-2682,10738,789
-2750,10868,877
-2657,10792,793
-2649,10743,817
-2693,10833,825
-2647,10757,831
-2542,10909,854
-2655,10845,826
-2673,10806,828
-2588,10794,854
-2690,10823,765
-2582,10761,829
-2530,10812,910
-2637,10794,841
-2649,10736,811
-2552,10751,725
-2593,10915,893
-2589,10853,856
-2605,10748,782
-2565,10706,769
-2635,10853,801
-2371,10892,818
-2564,10813,786
-2627,10781,779
-2590,10692,812
-2599,10736,972
-2584,10738,807
-2655,10704,709
-2675,10614,703
-2646,10727,857
-2675,10644,937
-2581,10585,746
-2616,10578,780
-2654,10602,822
-2587,10339,887
-2681,10545,1016
-2661,10452,894
-2547,10373,837
-2542,10400,854
-2499,10292,814
-2472,10422,978
-2555,10431,936
-2534,10314,860
-2483,10440,940
-2420,10271,982
-2435,10422,935
-2418,10394,979
-2416,10307,782
-2447,10466,923
-2391,10440,948
-2429,10524,939
-2450,10304,839
-2323,10396,841
-2396,10439,843
-2400,10570,883
-2387,10573,921
-2489,10589,763
-2426,10529,540
-2398,10660,791
-2387,10806,843
-2506,10707,780
-2455,10572,771
-2537,10637,794
-2587,10602,773
-2510,10642,765
-2621,10564,729
-2618,10582,685
-2687,10520,723
-2672,10536,782
-2716,10550,786
-2785,10424,723
-2785,10431,815
-2774,10377,732
-2764,10483,857
-2726,10439,781
-2804,10384,739
-2768,10039,759
-2818,10263,772
-2822,10396,1034
-2731,10538,986
-2711,10334,938
-2770,10370,900
-2752,10288,880
-2641,10372,945
-2604,10449,805
-2663,10337,1000
-2506,10433,1032
-2567,10330,999
-2475,10381,1003
-2465,10507,827
-2423,10423,993
-2434,10514,956
-2413,10380,840
-2383,10727,980
-2231,10626,812
-2384,10527,969
-2348,10587,879
-2305,10518,871
-2343,10589,861
-2197,10755,917
-2292,10573,875
-2268,10633,755
-2323,10505,765
-2366,10615,848
-2418,10691,871
-2350,10540,829
-2388,10538,685
-2429,10544,826
-2441,10543,798
-2413,10553,864
-2461,10392,800
-2533,10420,890
-2471,10505,839
-2484,10403,834
-2478,10470,854
-2513,10396,844
-2568,10421,869
-2789,10285,847
-2535,10258,935
-2481,10396,976
-2491,10246,854
-2553,10290,988
-2309,10223,949
-2501,10278,1027
-2589,10305,1017
-2546,10007,883
-2609,10290,900
-2663,10147,892
-2525,10265,959
-2480,10315,955
-2519,10301,962
-2568,10199,861
-2500,10214,874
-2560,10093,951
-2488,10299,975
-2472,10320,902
-2495,10234,948
-2405,10300,810
-2419,10380,902
-2372,10443,936
-2395,10724,998
-2283,10520,911
-2201,10496,897
-2245,10443,864
-2134,10640,836
-2129,10699,932
-2254,10730,897
-2124,10701,754
-2112,10588,851
-2174,10800,907
-2102,10776,901
-2098,10810,875
-2203,10729,826
-2229,10645,805
-2181,10804,926
-2198,10747,969
-2194,10833,852
-2252,10714,852
-2368,10624,840
-2315,10776,918
-2351,10686,911
-2424,10770,977
-2438,10670,925
-2449,10553,879
-2460,10617,1040
-2482,10628,999
-2501,10593,1002
-2613,10460,892
-2652,10415,889
-2576,10511,1034
-2650,10426,1021
-2631,10399,964
-2674,10386,936
-2714,10206,990
-2675,10391,1033
-2667,10448,998
-2723,10339,970
-2665,10332,892
-2745,10405,893
-2601,10407,937
-2727,10342,1260
-2647,10390,1006
-2601,10343,965
-2719,10404,952
-2665,10431,1038
-2574,10468,1196
-2641,10478,1027
-2603,10548,1038
-2651,10573,983
-2656,10635,941
-2611,10572,782
-2550,10759,1116
-2604,10743,911
-2541,10706,1026
-2634,10797,1037
-2655,10863,927
-2647,10959,1002
-2683,10923,999
-2722,10883,953
-2650,10886,953
-2661,10975,943
-2708,11084,1006
-2728,11026,1209
-3041,10986,1013
-2804,10982,1014
-2798,10968,1022
-2775,11120,1027
-2812,11021,788
-2841,10986,953
-2889,10911,959
-2825,10946,1021
-2835,10948,1109
-2891,10886,776
-2922,10774,1010
-2851,10744,1008
-2809,10749,1073
-2873,10654,1074
-2866,10532,1019
-2840,10617,945
-2832,10559,896
-2828,10594,1051
-2830,10251,1074
-2949,10374,769
-2888,10460,1059
-2865,10523,1117
-2796,10499,1125
-2860,10406,1035
-2782,10340,784
-2863,10349,1176
-2761,10345,1025
-2813,10386,1085
-2768,10330,1035
-2720,10322,1088
-2697,10484,1038
-2664,10490,1148
-2703,10448,1128
-2667,10349,992
-2708,10465,1024
-2697,10571,1133
-2711,10540,830
-2731,10559,1053
-2706,10564,898
-2741,10504,1040
-2618,10676,1158
-2662,10647,784
-2766,10584,918
-2831,10596,897
-2802,10648,885
-2823,10719,966
-2810,10698,904
-2835,10663,890
-2879,10593,878
-2810,10720,903
-2862,10646,921
-2853,10746,948
-2916,10682,825
-2904,10651,841
-2831,10698,964
-2932,10681,1081
-2861,10683,867
-2876,10613,954
-2793,10541,852
-3067,10576,971
-2358,10747,1143
-1910,10249,930
-1832,10051,1341
-1779,10136,1268
-1486,10538,1408
-1168,10762,1330
-1021,11163,1339
-1017,11220,1311
-1183,11212,1241
-1195,11112,1057
-1182,10999,1147
-1236,10931,1194
-1235,10857,1147
-1439,10838,786
-1492,10686,1094
-1462,10615,1104
-1440,10643,884
-1516,10587,971
-1659,10669,965
-1621,10542,903
-1694,10579,929
-1848,10571,942
-1901,10475,1018
-2082,10468,998
-2239,10322,936
-2258,10262,931
-2283,10292,887
-2490,10315,1068
-2615,10264,992
-2622,10260,821
-2694,10261,938
-2944,10342,956
-2782,10424,1079
-2876,10371,973
-2946,10274,933
-2898,10416,1005
-2837,10566,941
-2827,10571,908
-2945,10599,861
-2944,10606,797
-2866,10671,803
-2861,10728,814
-2865,10775,821
-2909,10812,901
-2876,10840,728
-2870,10905,807
-3038,10935,855
-2820,10938,855
-2925,10966,842
-2883,11011,699
-2836,11091,913
-2825,11088,856
-2894,11161,934
-2921,11188,883
-2915,11136,877
-2810,11131,969
-2833,11205,917
-2845,11194,909
-2887,11273,905
-2834,11259,1013
-2878,11318,1003
-2839,11258,975
-2869,11247,959
-2882,11274,1048
-2881,11290,1062
-2771,11262,1134
-2801,11137,1046
-2834,11109,1059
-3044,11157,1143
-2841,11196,1171
-2719,11217,1127
-2852,11091,1123
-2821,11107,1126
-2834,11136,1039
-2818,11061,1175
-2737,11100,1177
-2678,10965,1096
-2797,10966,1268
-2569,10966,1010
-2749,11028,1073
-2632,11072,1149
-2635,10981,1071
-2704,10858,1033
-2695,10879,991
-2642,10889,1056
-2621,10969,1048
-2616,10876,971
-2583,10785,954
-2593,10833,1022
-2549,10968,1072
-2478,10778,1006
-2603,10740,1016
-2513,10684,963
-2473,10811,941
-2417,10753,1051
-2527,10772,981
-2423,10732,885
-2386,10719,905
-2355,10842,960
-2348,10935,992
-2357,10749,988
-2264,10816,911
-2292,10885,931
-2223,10907,1027
-2280,10959,806
-2247,10813,928
-2199,10846,942
-2113,11017,1076
-2214,10970,916
-2186,10825,909
-2103,10926,984
-2104,11042,1100
-2122,11005,1039
-2198,10898,1014
-2212,10945,1217
-2189,10999,1001
-2116,11017,1094
-2200,10978,1078
-2275,10907,1051
-2157,10953,1270
-2095,10965,1076
-2210,10914,1132
-2263,10804,1062
-2344,10846,1149
-2364,10811,1091
-2328,10764,1158
-2398,10718,1129
-2358,10672,1142
-2390,10655,1258
-2393,10586,1131
-2465,10546,1080
-2513,10463,1212
-2519,10574,1058
-2542,10508,1167
-2566,10461,948
-2583,10452,1024
-2630,10420,997
-2660,10493,971
-2614,10358,952
-2666,10343,1017
-2680,10349,910
-2601,10415,1173
-2606,10345,968
-2729,10234,880
-2561,10380,923
-2596,10388,1036
-2551,10395,988
-2553,10298,959
-2606,10243,959
-2527,10423,980
-2440,10725,1028
-2389,10414,1165
-2438,10354,957
-2381,10374,949
-2317,10389,1021
-2339,10518,1005
-2255,10404,999
-2254,10337,884
-2253,10376,986
-2224,10336,1058
-2157,10386,1133
-2138,10381,1044
-2112,10242,1046
-2087,10349,1088
-2187,10406,1088
-2238,10240,1022
-2162,10267,975
-2127,10214,1075
-2178,10194,956
-2225,10117,954
-2263,10112,869
-2202,10209,1032
-2226,10138,902
-2283,10045,785
-2229,10038,920
-2367,10104,938
-2325,10181,904
-2388,10178,837
-2366,9997,566
-2501,10005,848
-2367,10031,890
-2394,9964,790
-2523,9824,776
-2555,9881,968
-2580,9948,821
-2421,9965,885
-2487,9942,759
-2601,9933,798
-2506,9913,884
-2421,9957,932
-2448,9950,911
-2511,9956,805
-2478,10057,834
-2339,10128,986
-2469,9997,857
-2491,10054,943
-2324,10065,966
-2410,10162,961
-2416,10157,1076
-2417,10127,1018
-2378,10101,994
-2448,10213,1049
-2295,10180,1075
-2349,10255,1125
-2417,10254,1042
-2442,10265,868
-2486,10342,1108
-2420,10244,1147
-2432,10185,1109
-2416,10307,1091
-2568,10378,1128
-2496,10296,1062
-2502,10279,1090
-2613,10234,1064
-2600,10267,1123
-2570,10416,1091
-2669,10305,1134
-2597,10282,973
-2720,10264,1070
-2728,10356,1160
-2768,10350,1092
-2839,10176,1040
-2823,10147,908
-3065,10290,1041
-2880,10339,1135
-2817,10323,1040
-2880,10289,965
-2849,10266,1008
-2834,10323,1044
-2835,10281,1132
-2871,10375,957
-2880,10281,944
-2911,10255,899
-2813,10305,935
-2862,10355,954
-2715,10437,975
-2798,10362,882
-2752,10421,980
-2745,10474,917
-2727,10417,1023
-2609,10510,1024
-2702,10468,986
-2597,10567,1101
-2406,10553,1080
-2377,10616,1260
-2356,10517,1212
-2345,10389,1634
-2301,10214,1402
-2228,9923,1653
-2283,9826,1689
-2381,9590,1796
-2377,9580,1899
-2461,9470,1595
-2365,9559,1206
-2075,9801,1081
-1784,10395,1230
-1389,10863,998
-1155,11048,837
-1140,11044,387
-1179,10958,328
-1153,11004,349
-1295,10754,395
-1496,10781,302
-1752,10386,-160
-1947,10254,-316
-2135,10182,-81
-2250,10283,-47
-2341,10122,-157
-2558,9787,-576
-2780,9761,-491
-2876,9993,-330
-2836,10108,67
-2921,10084,-107
-2906,9738,-24
-2971,9934,-13
-3252,10101,17
-3112,10180,342
-3084,10044,303
-3211,9751,184
-3318,10039,420
-3286,10108,531
-3459,10218,806
-3348,10130,659
-3324,10399,803
-3367,10396,872
-3497,10249,924
-3456,10312,1052
-3524,10214,1267
-3608,10220,1234
-3541,10311,1286
-3574,10239,1382
-3776,10349,1027
-3749,10245,1380
-3774,10471,1377
-3730,10177,1311
-3815,10222,1372
-3893,10228,1045
-3906,10212,1172
-3888,10288,1252
-3897,10208,1095
-3990,10166,1045
-3979,10167,1010
-3945,10329,1041
-3967,10295,929
-3951,10277,953
-4070,10270,731
-4015,10290,736
-3965,10430,689
-3917,10381,636
-3954,10368,590
-4102,10320,567
-4115,10346,539
-4055,10443,532
-4115,10420,484
-4154,10425,344
-4088,10486,431
-4169,10487,503
-4182,10434,413
-4186,10598,327
-4209,10391,298
-4291,10504,409
-4270,10643,394
-4250,10521,423
-4266,10563,337
-4311,10523,363
-4319,10602,378
-4405,10626,469
-4460,10499,396
-4479,10530,296
-4500,10379,390
-4467,10518,447
-4636,10460,467
-4671,10419,404
-4618,10286,386
-4733,10281,479
-4692,10231,502
-4785,10105,614
-4857,10077,553
-4850,10033,534
-4810,10029,595
-5047,10017,655
-5018,9889,558
-5054,9805,638
-5095,9765,621
-5121,9805,720
-5219,9752,686
-5195,9710,627
-5259,9591,713
-5273,9566,742
-5378,9598,776
-5348,9536,797
-5455,9589,689
-5564,9587,754
-5391,9599,694
-5394,9582,714
-5391,9664,1003
-5459,9644,734
-5526,9604,637
-5543,9618,672
-5545,9700,615
-5492,9776,1017
-5529,9811,582
-5600,9758,917
-5214,9783,415
-5529,9937,59
-5473,9828,999
-5601,9956,555
-5402,9994,689
-5330,9936,448
-5317,9942,754
-5395,10111,876
-5350,10250,711
-5333,10261,678
-5318,10157,781
-5252,10240,586
-5288,10331,854
-5326,10348,828
-5204,10393,951
-5177,10290,773
-5204,10309,912
-5280,10268,616
-5250,10319,674
-5280,10391,643
-5585,10257,756
-5521,10086,798
-5471,10165,545
-5384,10189,813
-5597,10061,960
-5621,10011,851
-5669,10017,594
-5699,10002,724
-5677,10168,647
-5599,10073,745
-5460,10135,787
-5654,10198,553
-5620,10024,742
-5643,9991,834
-5582,10093,779
-5389,10032,915
-5670,10041,800
-5743,9948,867
-5789,9921,808
-5754,10004,993
-5626,10080,903
-5648,10064,834
-5606,10059,942
-5652,9915,867
-5698,10049,1009
-5745,9830,879
-5590,10015,1058
-5578,9928,793
-5517,9953,651
-5495,9944,1070
-5547,9972,1006
-5621,10043,871
-5535,9989,1006
-5565,9920,1011
-5628,9899,912
-5620,9792,1029
-5685,9758,902
-5656,9744,1280
-5666,9684,738
-5685,9630,1091
-5723,9725,853
-5859,9647,1156
-5665,9513,843
-6011,9503,965
-6079,9423,925
-6195,9459,736
-6235,9351,551
-6376,9233,1157
-6419,9382,755
-6385,9226,875
-6435,9181,1058
-6585,9101,603
-6638,9183,876
-6381,9178,670
-6339,8892,1082
-6512,9018,1117
-6587,9151,1048
-6728,8953,1045
-6634,9043,1205
-6646,8821,1011
-6640,8824,1079
-6560,8925,1090
-6595,8972,902
-6422,8946,1355
-6281,9075,1177
-6361,8857,1594
-6512,8704,1338
-6448,8692,1927
-6377,8786,1153
-6341,8919,1333
-6348,8814,1191
-6284,9067,1472
-6345,8896,958
-6241,8867,935
-5911,8974,1096
-6057,9054,1173
-5916,9172,1070
-5919,8977,991
-5879,9006,861
-5774,9045,764
-5749,9052,857
-5648,9250,868
-5727,9150,723
-5707,9095,618
-5755,9018,558
-5721,8993,482
-5723,9104,1233
-5672,9215,824
-6215,8943,881
-6363,8737,1066
-6176,8875,967
-5947,8988,447
-5259,8929,3097
-5481,8564,629
-5382,8828,1438
-5369,8941,-486
-5179,9152,1569
-5274,8487,34
-5695,8991,429
-5596,9009,-952
-5827,9059,413
-5559,8879,225
-4877,8967,2891
-5511,8841,-355
-5240,9138,812
-5383,8695,1407
-5417,8833,-546
-5332,8906,542
-5517,9113,-248
-5615,9188,193
-5340,8980,300
-5509,8781,425
-5761,8611,75
-6061,8743,494
-6295,8798,337
-6414,8680,137
-6499,8358,379
-6534,8208,815
-6641,8467,342
-6830,8542,500
-7150,8313,836
-7104,8168,824
-7136,8271,314
-7172,8422,887
-7412,8218,1260
-7414,8408,768
-7548,8161,444
-7725,8123,1049
-7848,8173,975
-7937,8191,1352
-8104,7995,1073
-8130,7816,1110
-8153,7739,1269
-8322,7918,1433
-8531,7919,1040
-8547,7853,1427
-8488,7740,1123
-8346,7800,1359
-8674,7832,1512
-8620,7758,1484
-8709,7735,1408
-8600,7656,1288
-8612,7608,1420
-8645,7636,1333
-8820,7668,1345
-8857,7446,1290
-8847,7324,1139
-8859,7182,887
-8805,7299,995
-8886,7300,1028
-8889,7113,860
-8899,6991,971
-8857,7042,708
-8702,7062,802
-8794,7045,566
-8768,7134,648
-8841,6970,475
-8781,6942,593
-8703,7030,370
-8586,7055,477
-8483,6930,471
-8636,7098,242
-8673,6993,317
-8491,6964,371
-8298,7019,585
-8272,7054,404
-8151,6985,420
-8147,7008,467
-7896,7410,495
-7674,7108,633
-7433,7230,568
-7467,7346,600
-7334,7334,759
-7077,7464,825
-6819,7449,856
-6741,7618,915
-6562,7645,866
-6323,7845,1010
-6153,7981,1002
-5872,8058,1117
-5744,8138,1219
-5593,8109,1079
-5580,8184,1349
-5463,8045,1038
-5368,8136,1428
-5358,7274,1189
-5579,7159,1536
-5630,7188,1001
-5391,7423,1497
-5369,7385,1201
-5295,7426,1145
-5330,7522,795
-5318,7650,1200
-5258,7752,794
-5097,7780,954
-5070,7692,709
-5015,7911,929
-5099,8043,594
-4946,8160,659
-4766,8205,555
-4668,8236,465
-4725,8304,422
-4711,8428,445
-4594,8525,323
-4447,8623,378
-4392,8656,318
-4450,8655,386
-4361,8740,361
-4265,8785,295
-4158,8844,406
-4129,8895,367
-4060,8841,442
-4004,8923,387
-3914,8972,489
-3919,9021,385
-3910,9212,503
-3848,8977,496
-3798,9136,590
-3602,9141,598
-3730,9110,556
-3639,9162,660
-3646,9221,715
-3577,9227,917
-3415,9296,833
-3402,9213,916
-3385,9288,923
-3385,9326,1070
-3382,9343,1078
-3326,9355,873
-3291,9290,1120
-3287,9247,1082
-3252,9305,1004
-3234,9436,1216
-3250,9377,1168
-3243,9256,1051
-3197,9321,1130
-3154,9276,1137
-3218,9438,1243
-3184,9418,1137
-3168,9334,1149
-3135,9353,1040
-3193,9399,1093
-3164,9717,1101
-3291,9386,1093
-3146,9339,1099
-3148,9430,1127
-3133,9507,967
-3319,9553,1075
-3352,9502,849
-3270,9549,840
-3221,9605,913
-3296,9605,970
-3382,9586,779
-3428,9723,891
-3445,9700,831
-3364,9719,565
-3423,9778,598
-3453,9737,779
-3554,9851,623
-3539,9927,684
-3499,9869,442
-3485,9901,768
-3602,9902,671
-3603,10054,789
-3577,10036,819
-3576,10089,665
-3480,10044,645
-3606,10043,788
-3667,10102,1059
-3560,10091,767
-3588,10059,813
-3662,10136,726
-3690,10142,717
-3603,10146,921
-3635,10110,821
-3615,10122,578
-3676,10106,815
-3617,10296,843
-3671,10212,693
-3666,10191,861
-3620,10202,802
-3643,10239,899
-3514,10319,978
-3360,10232,999
-3642,10006,761
-3546,10278,1029
-3500,10401,1093
-3534,10460,1008
-3527,10451,744
-3625,10388,1016
-3579,10453,851
-3512,10582,822
-3499,10616,783
-3557,10630,999
-3549,10645,743
-3544,10717,925
-3407,10754,778
-3422,10918,898
-3476,10914,593
-3466,10993,820
-3405,10970,784
-3482,11092,900
-3406,11126,598
-3391,11300,726
-3442,11325,747
-3395,11332,750
-3430,11326,702
-3446,11237,770
-3471,11402,754
-3297,11525,714
-3164,11546,638
-3267,11605,667
-3336,11412,741
-3391,11593,618
-3339,11748,602
-3093,11741,889
-3276,11717,678
-3294,11756,670
-3275,11672,803
-3278,11776,651
-3309,11766,723
-3227,11710,621
-3155,11703,745
-3174,11740,683
-3193,11990,591
-3162,11823,789
-3072,11811,780
-3024,11759,782
-3105,11779,857
-3154,11981,889
-3159,11883,838
-3045,11849,845
-2953,11759,868
-3011,11822,937
-3016,12050,838
-3006,11847,968
-3001,11898,977
-2930,11793,1004
-2891,11949,1120
-2883,12060,1096
-2851,11899,1137
-2907,11881,1036
-2706,11919,1073
-2852,11886,1200
-2863,11960,1178
-2810,12022,1198
-2795,11947,1109
-2681,11865,1346
-2756,11836,991
-2703,12028,1079
-2706,12149,952
-2559,12057,1223
-2587,11986,862
-2614,11973,1305
-2645,12081,1006
-2521,12106,1162
-2565,12070,1237
-2515,12142,952
-2503,12057,1047
-2534,12114,994
-2443,12231,1040
-2458,11979,825
-2521,11997,1060
-2475,12070,1096
-2478,12005,872
-2483,12075,744
-2430,12017,859
-2451,11864,808
-2462,11825,897
-2367,11879,888
-2325,12016,757
-2391,11872,1006
-2371,11876,651
-2317,11920,854
-2347,12013,994
-2444,11963,981
-2407,11739,760
-2403,11818,1037
-2331,11891,792
-2091,11986,913
-2302,11915,937
-2326,11792,1052
-2336,11889,930
-2136,11903,1498
-2185,11883,1014
-2317,11940,1140
-2358,11934,899
-2251,11879,1087
-2151,12050,1073
-2191,12100,1224
-2091,12137,1258
-2029,12116,1357
-2112,12002,985
-1936,11988,1047
-1884,12157,1189
-2084,12128,1235
-2260,12129,739
-2276,12247,911
-2254,12078,767
-2158,12152,1168
-2065,12130,1035
-2215,12121,1051
-2385,12065,893
-2103,12175,871
-2094,12174,576
-2125,12052,903
-2115,12022,1349
-2246,12021,967
-2333,11985,1016
-2283,11784,1146
-2352,11785,1453
-2553,11798,952
-2355,11793,963
-2328,11704,1124
-2294,11512,1174
-2329,11282,1126
-2295,11475,1257
-2382,11427,1058
-2305,11533,1074
-2330,11418,944
-2299,11350,1044
-2226,11400,1006
-2224,11341,1044
-2244,11351,1096
-2193,11045,1007
-2292,11119,1248
-2241,11154,1124
-2327,11138,1213
-2183,11131,1106
-2192,11121,1139
-2182,10963,1068
-2181,10961,1275
-2206,10953,1338
-2132,10989,1397
-2048,11006,1254
-1937,10703,1106
-1799,10916,1563
-1833,10892,1609
-1755,10938,1340
-1725,10807,1843
-1676,10826,1048
-1635,10816,1425
-1533,10788,1411
-1310,10819,1788
-1503,10665,1582
-1490,10507,1700
-1525,10661,1710
-1470,10655,1817
-1345,10605,1635
-1241,10705,1614
-1215,10666,1624
-1304,10513,1562
-1264,10699,1566
-1259,10506,1572
-1371,10503,1328
-1214,10521,1514
-1218,10653,1437
-1236,10645,1435
-1195,10451,1280
-1286,10335,1363
-1290,10324,1322
-1189,10404,1444
-1301,10393,1272
-1260,10176,1221
-1374,10149,1176
-1404,10171,1142
-1301,10029,1134
-1346,10232,1152
-1338,10144,1123
-1487,10143,898
-1425,10207,1068
-1355,10015,1156
-1467,10117,1075
-1567,9991,987
-1558,10100,1163
-1489,10097,1166
-1577,10111,1101
-1579,10141,1138
-1546,10004,1290
-1574,9979,1297
-1582,10123,1449
-1561,10211,1371
-1419,10204,1507
-1504,10110,1434
-1460,10228,1564
-1496,10264,1470
-1488,10267,1609
-1519,10354,1685
-1491,10325,1746
-1510,10274,2024
-1522,10384,1860
-1633,10392,1863
-1485,10411,1883
-1633,10276,1844
-1639,10443,1794
-1668,10414,1964
-1735,10453,1812
-1699,10403,1827
-1690,10348,1821
-1811,10558,1819
-1837,10486,1751
-1983,10395,1689
-1959,10362,1571
-2030,10480,1532
-2011,10450,1600
-2127,10374,1562
-2148,10410,1464
-2128,10318,1415
-2195,10252,1455
-2240,10314,1500
-2205,10338,1402
-2277,10403,1399
-2395,10170,1325
-2366,10192,1167
-2361,10261,1274
-2361,10271,1284
-2410,10268,1256
-2488,10209,1198
-2529,10118,1175
-2427,10164,1198
-2395,10112,1347
-2364,10162,1367
-2393,10037,1315
-2461,10105,1246
-2427,10139,1375
-2446,10158,1399
-2304,10190,1477
-2393,10209,1460
-2333,10185,1286
-2525,10151,1527
-2265,10217,1609
-2193,10450,1577
-2274,10228,1534
-2244,10368,1582
-2246,10382,1433
-2156,10456,1500
-2116,10567,1654
-2229,10427,1545
-2195,10477,1757
-2140,10498,1521
-2127,10576,1666
-2096,10630,1545
-2066,10658,1598
-2076,10686,1615
-2106,10614,1499
-2078,10674,1404
-2113,10741,1534
-2117,10754,1524
-2097,10776,1785
-2116,10761,1458
-2198,10730,1414
-2238,10844,1489
-2245,10841,1515
-2195,10845,1458
-2203,10731,1492
-2334,10765,1434
-2292,10740,1439
-2304,10829,1460
-2350,10797,1422
-2355,10822,1399
-2402,10643,1414
-2405,10857,1386
-2492,10764,1356
-2501,10823,1453
-2512,10777,1436
-2548,10703,1361
-2641,10767,1417
-2606,10694,1438
-2720,10783,1419
-2683,10801,1426
-2796,10677,1472
-2731,10637,1464
-2845,10736,1329
-2857,10710,1430
-2855,10536,1445
-2979,10684,1403
-2949,10710,1359
-3014,10640,1371
-3058,10753,1422
-3064,10635,1315
-3137,10578,1284
-3101,10595,1308
-3111,10647,1328
-3188,10652,1305
-3222,10273,1280
-3267,10434,1497
-3277,10561,1232
-3255,10476,1135
-3246,10530,1287
-3314,10427,1093
-3318,10335,1079
-3303,10390,1071
-3233,10480,1199
-3315,10390,1028
-3303,10293,1032
-3326,10268,1002
-3386,10292,1119
-3396,10264,1085
-3108,10288,1083
-3399,10266,1011
-3392,10253,1023
-3345,10280,1010
-3333,10233,1097
-3132,10278,1040
-3418,10145,997
-3404,10100,948
-3297,10212,1079
-3318,10223,953
-3086,10264,1139
-3267,10131,1033
-3259,10099,1049
-3321,10156,894
-3264,10306,803
-3280,10253,1111
-3203,10185,1075
-3307,10221,989
-3360,10128,974
-3249,10308,1065
-3206,10355,1087
-3192,10346,1016
-3257,10297,1040
-3344,10257,1128
-3323,10363,1054
-3305,10389,1017
-3315,10347,982
-3320,10378,937
-3291,10451,969
-3293,10411,1059
-3344,10416,1024
-3261,10357,960
-3552,10338,1054
-3330,10463,1018
-3291,10514,1115
-3340,10521,979
-3396,10452,1245
-3426,10457,951
-3347,10481,938
-3367,10498,972
-3463,10703,969
-3439,10486,923
-3513,10453,901
-3458,10502,919
-3453,10563,946
-3518,10433,968
-3492,10411,996
-3504,10444,985
-3407,10516,987
-3525,10446,934
-3511,10414,966
-3515,10383,913
-3484,10476,978
-3484,10404,949
-3518,10376,944
-3448,10126,830
-3472,10264,1052
-3447,10363,948
-3398,10254,1206
-3443,10225,931
-3477,10206,860
-3484,10219,1171
-3365,10248,1122
-3452,10274,980
-3452,10103,963
-3373,10125,851
